
NAME: n40_1
COMMENT: TSP problem with 40 nodes and distance matrix
TYPE: TSP
DIMENSION: 40
EDGE_WEIGHT_TYPE: EXPLICIT
EDGE_WEIGHT_FORMAT: FULL_MATRIX
EDGE_WEIGHT_SECTION
0         179833    304833    544000    422167    376333    308000    592833    366167    275000    669667    556333    270833    230500    524833    274333    376333    558833    557000    486000    72000     442000    411833    158000    515667    570000    75500     391167    215667    440833    246667    154167    394500    369333    283000    326333    248832    557667    447667    603333    
156333    0         267000    508667    401000    340167    201332    511000    329833    233832    587000    520833    232167    126333    442667    196000    398667    523500    521667    404167    127500    406000    375500    95500     433500    534000    132333    309833    177333    442500    202167    202500    358333    333167    245000    289333    210500    522333    455833    521333    
256167    227333    0         395332    256332    226332    152000    443167    141667    130500    520000    407333    158500    231667    482000    377167    474167    410000    408167    375500    252500    292667    261667    203500    471833    420667    270333    353000    130833    495167    491500    367832    244500    162833    29500     109833    156500    408833    546333    453667    
529000    500167    324000    0         344333    297000    422167    547167    386833    400167    549167    83333     428667    504167    574833    604833    563333    321667    71167     526000    525000    306000    333833    475167    581833    170500    542833    533167    400500    583000    722667    736000    260500    337167    302000    407333    426667    483500    636833    524500    
420833    402667    220833    333167    0         82167     267167    422000    260667    284167    499667    345332    313500    354000    438000    395667    399667    335332    346000    354500    459000    219167    191167    367832    427667    360000    462832    278833    296000    419333    510332    526833    189167    219167    198832    302333    311500    337832    473333    433500    
372500    343667    171000    257667    121500    0         267167    352667    233500    246833    354667    269667    274500    353833    379833    412000    368667    290167    270500    331667    368500    173167    142667    319500    386833    284500    386333    339833    247000    388333    525667    542333    128667    184000    149000    253500    272500    289167    441667    330000    
260000    176500    205167    446000    269000    272833    0         391167    266167    62667     467333    458000    125333    128167    411000    241167    379000    460667    458833    323500    232333    343667    312667    198167    402000    471333    236000    277000    143500    422832    298167    307667    295500    270333    183167    204000    123333    514333    436833    401667    
586500    475667    410167    554833    381833    397667    337667    0         486833    368000    221332    567833    397500    426333    143000    372500    240667    497500    568667    127000    555000    389167    341000    497167    143500    580000    558667    212833    441667    184667    447832    500667    382167    427000    430000    441167    395500    282667    211167    155333    
335833    306833    124332    398833    277000    230833    231500    522832    0         210000    477832    411000    238000    311167    561833    456000    553833    413500    411667    454167    332167    296667    266333    283000    551500    424167    350000    431833    210333    574833    549500    447500    249000    97333     112333    137667    236000    412333    626000    533333    
303167    219500    172000    412167    290167    243667    82333     416667    232667    0         492667    424333    89167     150333    452333    278500    416667    427000    425167    348667    275333    310000    279167    241167    442500    437667    279167    323667    136167    465332    392167    350667    261833    236667    150000    170833    77500     425833    474500    427000    
621167    507500    364667    505332    359167    359000    369833    173167    427167    399833    0         517500    430000    459000    227000    405833    341667    448333    518333    242833    587667    340167    292500    529500    233832    530167    591333    281000    474333    286667    504333    533333    333333    377832    342667    472333    428167    188500    313000    86167     
533000    504167    331000    78667     351167    304000    428833    551167    393667    407000    553167    0         435332    508000    578667    608667    567000    373333    132000    530000    529000    313167    340332    480332    585667    116000    546833    537167    407167    586667    725167    738500    267333    343833    308833    413833    433333    487333    639833    528333    
291333    283333    154167    394167    272333    226167    138500    444667    216000    84167     520833    406333    0         235000    480332    348167    473000    408833    407000    376667    287833    292000    261667    238500    470500    419500    305667    351833    128667    493333    405332    414833    244500    219167    132167    176500    32167     407667    544833    455167    
198500    114332    240833    481000    343667    347500    144167    466500    302333    176833    542500    493167    205833    0         456667    205500    402832    495667    493833    412000    170667    378833    348333    136500    447500    506667    174500    317333    112833    446667    235667    245667    331167    305500    218832    291000    184000    494500    460667    476833    
579500    503333    499333    589000    422000    440667    434500    135000    577000    453667    255167    601167    484333    491167    0         364000    174833    532167    601833    149000    549667    421833    373500    536667    103167    613500    553500    268167    514500    119167    418500    495500    415000    459500    519167    528333    482500    314500    131667    188167    
306000    234000    430332    665832    445332    449000    230667    475667    510667    263167    552167    677833    336333    207667    321333    0         242667    713167    678667    277000    278667    569167    527500    267167    312333    697000    282333    203167    257000    286833    152833    224167    534000    447000    357500    380000    334333    601167    302167    486167    
504167    428000    424167    542833    320332    397167    361500    226833    501833    380667    350332    554833    409167    415833    174667    273167    0         474667    555667    170000    474500    377500    299667    461333    165500    567000    478167    167000    434167    83333     292667    369500    370667    415000    443833    453167    407167    382333    103667    284500    
476500    447333    274833    273333    268833    241833    370833    404000    337832    351167    406000    285500    377333    451500    435332    483667    398167    0         286167    361000    472500    123167    243500    423500    426167    300167    490332    343667    351333    417832    550333    615167    243167    287833    252833    357832    375332    340833    471000    386167    
523500    494500    321667    92500     341667    294833    419167    541667    384167    397500    543500    87667     425667    498500    569167    599167    557500    319167    0         520332    519500    303833    331000    470833    576167    165333    537333    527500    397667    577167    715832    729167    258167    334500    299667    404333    423833    477832    630500    518833    
519500    443000    391833    551333    328833    379333    319833    116832    468000    349667    276667    563333    379167    430833    154333    305833    193832    483333    564167    0         489500    386167    308333    476333    114000    575500    493167    117333    454167    154000    361000    435167    379167    423667    411667    423000    377167    339667    214167    211000    
68167     139500    297833    537833    416000    369500    267667    551333    359333    268000    628167    550000    263833    190167    483333    233832    384000    552500    550667    444667    0         435833    405000    125333    474167    563667    36167     350500    208667    483167    206167    168167    387832    362667    275833    319833    241667    551333    455500    561833    
439333    410332    239500    318667    233667    234000    335000    411500    302000    315333    413333    330833    341500    414333    438667    507500    437667    222167    331500    400500    435167    0         201500    386500    465667    345500    453000    383167    315667    457333    590167    636167    207667    252500    217500    322000    339500    348167    510500    388667    
444500    415667    245167    383833    233667    239500    389000    313833    307500    320833    315667    396000    347000    479000    345000    393000    307667    326000    396833    269000    440500    220500    0         392000    335833    410833    458333    251332    321000    327333    459333    523667    213500    258000    223333    327500    345000    250667    379167    295833    
137667    87667     223667    463667    341500    295500    216667    527500    285167    193167    603667    475833    188832    139333    458667    211332    414833    478333    476667    420167    118333    361500    331000    0         449667    489000    136167    325332    134000    458667    234500    204833    313667    288500    201667    246000    167167    477167    471833    538000    
513333    437000    433000    581833    356333    451667    368833    125833    511000    388167    277500    594000    418000    424833    77500     297667    142000    512832    594667    89332     483667    415167    335833    470332    0         606000    487333    201667    448167    111667    352832    429167    408333    452832    452832    462000    416167    336833    176500    210667    
519000    490167    317000    136500    336833    290167    414833    537167    379333    392832    539167    121500    421333    494000    564667    594667    553000    359333    157000    516000    515000    299167    326333    466333    571667    0         532833    523167    393000    572667    711333    724500    253500    329833    295000    399833    419333    473333    625833    514333    
54166     141833    317167    557000    469667    388833    270000    554000    378500    302667    631000    569167    283000    192500    486000    236332    386667    571833    570000    447167    38833     455000    424333    144500    476833    582833    0         353000    227833    486000    208667    138000    407000    381833    295167    339167    261000    570667    458167    564500    
427832    351333    366167    545833    321167    334167    303667    215667    443667    323000    353167    558000    351167    339000    257000    214833    221332    520833    558833    134333    398167    449667    344167    385000    247833    570167    401833    0         362333    241000    285000    343333    413333    406667    386000    395167    349167    406500    292333    287333    
222000    160833    153500    393667    271667    225667    144333    532667    215333    139833    608667    405667    119000    126000    465667    271833    410500    408333    406500    426333    218832    291500    261000    150333    455667    419000    236667    331667    0         454333    385833    399833    243832    218667    131500    175833    97333     407167    468333    543167    
528000    449667    460667    576667    352667    429333    407333    176000    540833    417500    299000    588833    445667    437167    99167     280833    86000     507500    589500    125333    496000    410332    332000    483167    90000     600833    499833    200667    442167    0         323333    441667    403333    447667    480500    489667    443667    358333    95167     232167    
253832    214333    479833    715832    494667    498500    304667    374167    517500    337500    458167    728000    411000    221332    323833    131667    220000    624833    728667    359333    225833    526333    447832    247333    314667    742667    229500    287333    295000    284500    0         154000    582667    521500    431500    454333    409000    531000    291667    391833    
153000    200833    404333    646667    525000    528833    328000    466000    466167    360500    632000    658833    370332    250500    414667    200667    312167    661500    659667    446667    169167    543667    511833    216332    405667    673000    139333    351500    315500    375500    155000    0         494667    469500    382333    426167    348667    681500    383667    565500    
371833    342832    170333    238832    202167    155500    267500    402000    232833    246167    404000    250833    274000    346833    429500    459500    417832    339667    251667    380833    367832    222500    191833    319167    436500    265667    385667    388000    246500    437500    575167    484833    0         177333    148333    252833    272167    338500    490667    379167    
350500    321500    148833    374667    226500    197000    246167    532667    102167    224667    457500    386667    252667    325500    547667    449333    510500    393333    387500    465500    346333    276333    246000    297667    538500    401500    364167    388167    224833    530167    563833    462333    165500    0         126832    167167    250667    392333    584833    543167    
241000    212000    27500     380833    258167    211667    137333    448167    135000    116000    525333    392832    143833    216332    487167    340167    479333    395500    393667    380833    237333    278000    247167    188167    476833    406167    255167    358167    115500    500167    454500    352667    229833    156333    0         114667    142000    394333    551833    458667    
310000    281000    161833    423667    301000    254333    180167    486500    150833    158667    562833    435833    186667    275833    522167    389333    514833    438500    436667    418333    306333    320833    289833    257333    512333    449167    324167    393000    184667    535167    447167    422000    272667    179000    156500    0         184667    437333    586833    496833    
275333    246500    138167    378167    256332    210167    135000    441167    200000    80667     517333    390332    23833     231500    476833    344667    469500    392832    391000    373167    271833    276000    245667    222500    467000    403500    289667    348333    112500    489833    401833    411333    228333    203167    116167    160500    0         391667    541333    451667    
551000    522000    348333    490833    342832    342832    500000    275333    410833    424167    189000    503000    450332    588333    340667    515667    427000    431833    503833    340833    546833    323833    275667    498167    347667    515000    564667    373833    424500    400332    580333    648833    317000    361500    326333    430833    448500    0         426667    291500    
475833    504500    500500    619500    396333    473500    437500    216500    578167    456667    345167    631667    485500    492167    144167    325000    113333    551167    632333    199667    482832    453500    375833    537833    173000    643667    486667    242000    485332    121500    326000    402500    446667    491333    520332    529500    483500    406167    0         279167    
593500    480332    300000    439667    294333    294333    343000    146500    361833    373000    97167     451833    403167    432000    200000    378833    314833    382832    452500    215833    560167    275500    227333    447000    207000    463833    563833    254000    375500    259667    477167    506000    268500    313000    278000    381833    401167    169000    286000    0         

EOF
