
NAME: n40_10
COMMENT: TSP problem with 40 nodes and distance matrix
TYPE: TSP
DIMENSION: 40
EDGE_WEIGHT_TYPE: EXPLICIT
EDGE_WEIGHT_FORMAT: FULL_MATRIX
EDGE_WEIGHT_SECTION
0         275833    232500    413000    364833    459833    420500    411333    522000    419667    180500    328333    255000    433500    517000    438000    744000    481667    390500    162833    277333    431500    714333    297167    355000    414833    394833    618500    244167    393667    412832    538667    101832    416667    457667    325000    455000    170000    619167    479667    
321500    0         319000    376833    141000    400667    300167    332667    390000    346500    164000    242833    178167    259500    384500    364833    668332    469667    441000    204500    212333    447333    641333    177500    463833    500500    379333    539833    30833     343667    277167    464833    260167    467167    337667    122167    409833    293500    540667    347000    
212000    325500    0         224167    411167    247167    284000    459667    442500    468000    237833    401167    201667    480500    437667    486500    783667    312500    244167    279667    226000    344333    756833    312000    251332    381000    205833    657000    293667    218667    361000    587833    252167    270333    431833    370000    255833    138833    657833    398833    
390332    381167    250667    0         520500    83833     114833    354500    270833    409833    360000    486500    225000    598167    266000    508833    646000    166167    245833    381333    178832    180333    618167    180833    261833    233167    63667     520332    360167    73667     212000    523667    387832    217167    319000    464667    93333     387667    521167    228667    
321000    155000    400833    470667    0         431167    393167    246000    385667    264667    251667    179333    273333    149833    380667    281500    573167    462000    534000    243167    307500    416167    545833    271500    556833    468500    473833    449667    148167    437500    370167    381667    268167    560333    267167    79667     417333    395000    450500    343333    
432333    423333    292500    87667     380500    0         184000    300333    240167    355332    402000    528833    266833    457167    235167    453833    591667    95667     198500    423333    220500    99000     563167    249667    216667    151833    105333    465332    402167    139667    248167    468667    429833    172000    277000    506667    76667     429667    466167    197833    
458167    354333    352000    167000    397667    190167    0         316500    232833    372333    367333    453833    302000    473667    227833    470167    606667    259333    337832    459500    217333    231500    579833    163333    356000    284333    184167    481833    333167    133833    156833    485167    455500    310167    301000    432000    173667    455332    482500    190500    
499500    341167    532000    373833    266167    309333    299000    0         263500    161167    387333    412667    385332    342500    258500    339000    404000    340167    485332    453167    358500    294333    377000    258500    503500    346667    391167    277333    334333    341167    274500    274167    442000    458500    126167    324667    295333    458667    278167    221167    
586167    414667    466000    280667    347667    240333    205000    266833    0         322500    427832    514500    360167    424667    77000     421167    557667    271167    417667    512500    298500    225500    530667    223000    435833    277667    298000    432667    392832    247500    191833    436167    532833    390833    243500    406667    226500    551000    433500    105500    
443333    336333    432333    452167    222667    386833    376333    171000    340500    0         334167    376667    316333    300667    335667    274000    371000    417500    584000    399500    350332    371833    344000    319500    589500    424167    469500    245167    292167    418667    328667    157167    388000    610167    206332    281333    372832    405167    246000    298167    
196167    158167    270000    410667    237333    458167    353500    356833    443000    365167    0         234500    163167    306000    437832    383667    688500    522500    454833    79500     211332    500332    658833    231500    426167    486167    391500    562833    137167    405167    330500    483667    135000    481167    391000    197667    453500    244333    563667    400500    
326667    210500    404333    453833    137167    477000    376500    268500    408333    287500    237833    0         256167    194667    403333    304167    596667    484667    518000    249000    290333    439000    569167    254500    540833    491333    457000    472333    189333    420667    353333    404333    274000    544167    290000    161500    486000    378333    473167    366000    
304667    245500    198500    263000    330500    309500    288667    397000    351000    413500    158000    345000    0         399333    346000    432000    663332    374167    306333    257833    76167     407832    636333    196833    329500    446000    244333    538833    224500    257500    242333    534667    251667    332832    314833    289500    305000    290000    539500    308333    
427000    254333    474333    547000    148333    469667    470500    281667    421667    300667    306667    214167    348000    0         416667    317500    612667    500500    612833    341333    382000    454667    584333    347333    636000    507000    549333    488167    247500    513833    412000    417667    373667    639333    303167    201167    455667    449167    488833    379333    
588500    417000    468333    283167    350167    242833    207500    269333    80167     324833    430000    516833    362500    427000    0         423500    559833    273500    420000    514833    300833    227833    533000    225500    438167    280167    300333    435000    395167    250000    194167    438500    535167    393167    246000    409000    229000    553333    435833    107833    
445332    339000    434167    541500    225667    437000    426667    252167    392000    236332    336833    379167    318833    303167    387000    0         514167    467667    584833    401333    353000    422167    487333    348667    590333    474167    520833    315500    294833    468833    382000    215500    390500    611000    273500    283833    423167    407167    303833    349667    
769667    635667    796167    686500    528500    593833    611000    388833    546667    345667    661167    676333    649000    605000    541833    517167    0         624500    864167    725667    621000    578833    49000     520833    887000    631167    703667    275167    628833    653332    560000    501333    714833    744333    429000    587167    579833    731500    263833    504167    
448833    505167    373833    150667    425667    105667    247167    345500    285833    400500    483833    611167    348000    501667    280833    498333    635000    0         176167    505167    301833    59833     608000    312500    214167    108500    185833    509833    484000    205500    293833    513167    511667    139500    322167    483833    153333    373500    510667    243500    
356333    485000    288000    209833    624000    202000    306167    463000    403000    517832    402167    590167    326000    703667    397500    620333    753167    172500    0         417000    279333    204000    726167    410167    67667     171667    198832    627333    462500    272000    403667    630833    384333    54667     439667    568333    227500    281000    628167    360167    
183667    206167    276500    393333    285333    441667    369500    395833    479000    405833    98833     249500    228667    354167    474000    424333    731333    506167    438500    0         233500    540333    701667    281833    434167    494333    374000    605000    185167    387832    368833    524667    117000    464667    460500    245667    437000    249833    605833    436667    
345667    267500    233000    255667    403167    291167    185833    358833    293333    447667    248167    367832    101000    477333    288500    466667    625333    370332    301000    273000    0         403000    597500    159000    323833    455833    236833    498167    246500    235333    185167    568000    291000    327333    274833    346000    300333    305167    499000    251000    
414000    499500    368167    162333    396000    103500    247667    316167    256332    370833    478167    605500    342333    472000    251500    468667    605333    54000     192667    499500    295000    0         578333    294833    254167    121500    180000    480167    478333    214333    264500    483667    506000    174833    292667    454167    151333    340167    481000    214000    
741167    607333    767333    657833    500000    565333    582667    360500    518333    317167    632500    647833    620500    576667    513333    488833    51167     596167    835333    697167    592667    550500    0         492500    858167    602667    675167    246833    600500    624667    531667    473000    686167    715667    400667    558667    551500    702833    235500    475833    
358167    237833    339667    220000    371167    243167    144500    245667    232500    283667    250500    337000    176500    445833    227667    383000    508833    312333    408833    314833    166167    290167    481833    0         431667    342333    237333    384167    216667    187000    121000    398000    303833    363333    163832    315000    252333    320500    385000    190333    
309667    507333    273667    247333    513167    229500    343833    510332    450500    558500    357000    612500    348167    574333    445332    573667    804167    226500    95833     372000    301167    255667    777167    432500    0         223500    230333    677167    384000    293667    458333    677500    339000    122000    552833    476667    259000    235667    678000    408000    
390167    516667    367832    208000    427667    149333    278833    347667    287500    402333    437500    617500    387667    503667    282667    500167    637000    106667    176667    452333    341333    89167     610167    326333    229667    0         225667    511833    495500    260000    295667    515167    419667    178832    324167    485667    185500    316500    512667    245333    
354833    351333    218333    58000     489833    90833     137167    379500    296167    435167    324000    455833    189000    567167    291167    555333    671167    176500    221667    351333    142667    187000    644333    205833    244500    239833    0         546333    330000    80000     234333    549667    352167    188000    344167    434000    99833     352167    547167    253832    
669500    535667    695832    586333    428500    493833    511000    288500    446667    245167    561000    576167    548833    505000    441833    326667    257500    524500    763833    625667    521000    478833    230500    420833    786667    531167    603500    0         528833    553167    460000    401333    614667    644167    328833    487167    479833    631333    30333     404167    
312000    55167     310167    368000    154833    391833    291333    330500    381167    338833    154833    234000    169333    266500    375667    357167    679333    460833    432167    195000    203500    438500    651000    168667    455000    491667    370500    551833    0         334833    268333    457500    250833    458333    328833    136167    401000    284667    552667    338167    
396667    398167    289833    94833     535667    143833    116500    358833    275333    414333    376667    501667    240833    613167    270333    600000    649500    213500    278167    398000    194667    240167    622667    185167    301000    293000    93167     524667    377167    0         213667    528000    394000    264500    323333    480167    152833    393833    525500    233000    
439167    266500    327000    189167    399667    212333    113667    295167    201667    341833    279333    365332    214667    474333    196833    470000    558833    281500    396500    365833    153833    259333    531167    76000     419333    311333    206500    433833    245500    156000    0         455167    386167    332333    213000    343500    221500    404333    434500    159333    
472667    366333    461500    474333    252333    409000    398667    193333    362667    63833     364000    406333    346167    330500    357832    303833    410167    439667    612667    428833    380332    394000    383333    341667    618000    446333    491667    284667    321667    440833    351000    0         417832    638833    228000    310833    395000    434500    285500    320500    
92667     226833    239833    395667    306333    442333    403000    380167    494667    388500    119500    252167    226000    375000    489667    405332    714000    506833    439167    101667    250000    543333    684000    266500    391167    451000    377500    588000    213667    376333    386333    507500    0         465332    426000    266500    437667    211500    588833    452333    
396333    475000    328000    193167    614000    185333    289500    466500    406833    523000    453500    580000    318000    692167    401333    678833    759667    179333    55833     475167    271500    210500    732667    355167    108833    178333    182167    632833    453667    249667    387000    636167    424333    0         443167    558167    210833    321000    633667    364000    
513333    334333    454333    345332    227500    336833    270333    129332    290833    198500    404000    491500    299667    303667    285833    300333    438667    367500    524000    469667    280333    321833    411833    180500    547333    374167    362500    312167    370332    312167    219500    311667    457500    489000    0         285833    322832    475332    313000    248500    
337167    148500    386000    469667    76000     493500    391500    298167    482832    316667    215167    216500    269167    193167    477167    333500    625500    562333    533667    249833    303667    468500    598167    268500    556500    520833    472000    501833    141667    436333    368500    433833    283833    559833    339500    0         502667    369500    502667    439833    
434667    425500    294667    88833     371000    53833     178333    290833    231000    345667    404167    530833    269000    447000    226000    443667    580167    148167    242167    425500    222667    151667    553167    247000    260333    204333    107667    455167    404500    156500    239167    458667    432000    215500    267333    508833    0         431833    456000    188667    
119000    236332    149500    396667    333500    385000    372832    370833    481167    379000    177000    327333    215500    394667    476000    397500    703000    415167    324167    192833    237667    365000    673500    257667    288500    348500    377500    577500    204667    391167    372167    497832    160167    350332    416667    297167    393500    0         578333    438500    
641667    507667    667833    558333    400500    465833    483000    260500    418833    217333    533000    548333    521000    477000    413833    344500    229500    496500    735832    597667    493000    450833    202500    393000    758667    503167    575500    25167     500833    525167    432000    373333    586667    616167    300833    459167    451833    603333    0         376167    
582167    416000    469000    282833    349667    242333    207500    269000    78500     324333    429167    516167    355167    426000    73500     422667    558833    272833    418833    507500    294500    227333    532000    225500    437000    279500    300000    434167    394500    249500    160833    437500    528333    392167    245500    408167    228333    547333    435000    0         

EOF
