
NAME: n40_2
COMMENT: TSP problem with 40 nodes and distance matrix
TYPE: TSP
DIMENSION: 40
EDGE_WEIGHT_TYPE: EXPLICIT
EDGE_WEIGHT_FORMAT: FULL_MATRIX
EDGE_WEIGHT_SECTION
0         687833    285833    309833    378667    369500    300500    422167    300333    374667    248000    435500    382167    200167    439167    264333    354833    373667    585167    295833    693667    255833    208167    659500    194333    257333    257000    428167    237167    144667    536667    296167    344667    417832    443333    460500    325332    253000    587333    685667    
700167    0         538333    518667    522167    412167    843500    496667    890832    543500    793667    592000    636667    764000    415000    666833    703167    517167    240000    592000    372667    798000    548833    337167    572333    762667    663000    326667    535833    713500    384667    839167    433000    319167    229667    366167    581667    865000    179833    365500    
309667    577833    0         417832    414333    300333    511167    389333    505500    433833    458667    194333    594500    388833    302000    475167    566500    409333    477832    492167    582500    466333    178000    549833    173000    385000    467832    323333    154333    382832    399667    506833    326500    281167    337333    315667    128500    448167    480000    575333    
339167    475833    326167    0         152500    196833    390332    186833    433167    169500    335833    378667    261500    517667    263000    223832    327167    147500    375833    235167    481500    326500    287000    448000    305500    538167    219833    222333    288000    325833    379833    386000    125167    267000    236332    253333    369500    416667    378000    474333    
400332    532333    382000    164333    0         251667    417667    166167    463500    214833    397167    435000    306667    579833    318333    284667    372832    77000     432167    262000    538000    387667    348000    504333    366667    600333    280667    277167    348833    387000    436167    413333    159500    322500    291167    308667    425833    441167    434333    530667    
381667    396667    264500    282833    286167    0         524000    213667    571667    307167    470667    317000    399333    538333    203500    349500    465332    281167    296167    360833    403500    478333    331167    369333    350500    536167    345500    142333    262000    396500    319667    519667    198832    206500    156333    173500    307833    543667    298333    396333    
369833    727833    472500    314833    403000    447667    0         437832    112000    355500    113833    686333    113333    360833    513667    194833    105833    397500    626833    211000    733500    103667    420667    699500    436333    395833    209833    473167    453333    205500    630833    46167     376167    517832    487333    504167    572333    127000    629000    726167    
441500    509667    360000    218167    142500    230500    445500    0         491333    243000    531667    412333    334833    624667    296667    338500    400667    137667    409667    290167    515332    405667    386833    482000    406167    643000    334500    256000    357832    456000    413500    441167    124332    300833    270000    287167    403333    469000    411667    508167    
341500    802167    413667    387500    474833    596000    143833    509500    0         427832    135167    571167    201332    301833    566333    248500    162667    469833    701000    264667    807833    148167    375167    774333    331000    337333    272167    545167    370833    220000    664667    115000    448333    545167    559167    580000    463500    84167     703167    800667    
415332    594333    443167    178500    268333    313167    391833    303167    434667    0         427000    495667    272167    546167    379333    274833    338000    263333    492832    229833    600000    352333    477333    565167    492333    576167    268000    338667    510000    353167    496833    387500    241000    383333    352667    369667    486667    415500    495000    592667    
291000    800333    408167    321500    420332    476667    119833    480000    135833    380500    0         622667    199500    296500    589500    154500    174333    415332    695000    171000    806333    75167     357667    772000    373167    331833    169833    534167    390167    143667    658667    115500    451833    539333    552833    570833    508667    100667    697000    798332    
438667    600833    199500    432333    435833    325500    646167    410833    640667    455332    593833    0         550000    521667    323833    599500    700333    430833    501667    505332    605667    601500    306333    572667    272500    415833    595667    345167    282833    515667    431833    641833    348333    314833    359167    337500    219333    578833    503833    598333    
403000    650167    567333    238000    325833    370500    118167    360667    213500    278667    206167    552333    0         414333    436500    201000    119833    320833    549500    210833    655832    165333    453667    622167    469167    449500    205333    396000    486167    272667    553500    118500    299500    440667    410167    427000    603833    228333    551667    648500    
233333    773332    343333    508167    577500    522500    431833    621833    384333    580667    368167    501333    474667    0         496667    468667    427667    572500    673667    500167    778167    420167    304500    744833    260000    97667     461333    517832    299500    347667    594167    411000    543500    475332    532167    510167    393167    326500    675832    771000    
449333    429333    312000    323500    327000    232167    633500    302000    646000    346500    583667    348167    438333    528333    0         441000    503333    322000    329500    393667    436167    588833    326333    401833    339333    526333    437167    212500    302833    507500    222167    629167    239500    109000    188167    228333    339000    588833    331500    429000    
257833    641167    421833    225667    292000    349667    191500    349833    238832    250333    137000    570833    194667    385833    427167    0         246167    287000    541167    57500     647667    137333    307500    613333    323167    416333    27833     386000    340000    130500    545167    187167    288167    431167    400000    417667    457832    215667    543333    639500    
437333    701167    471667    288833    376667    421500    104500    411500    171000    329500    180667    629167    115500    358667    487500    283500    0         371667    600500    299667    706833    176167    488167    673167    389167    394000    298500    447000    428833    272667    604333    83500     350332    491500    461000    477832    521333    193832    602667    699667    
402667    534500    384333    166833    80167     254000    420000    150833    465833    217333    399333    437333    309167    582167    320833    287167    375167    0         434500    264333    540167    390000    350500    506667    369000    602500    283167    279500    351333    389333    438500    415667    161833    324833    293500    311167    428167    443500    436667    533000    
620833    243500    460332    440833    444167    335833    761333    419000    808500    465667    712167    512832    557500    682500    338667    587667    623667    439167    0         512832    293333    716500    470833    258000    494500    681000    583833    250500    458000    634000    196167    757000    356667    243000    153333    289833    503833    783000    165667    286167    
290333    597667    454333    183000    272833    317000    225833    307333    268333    223333    182667    499167    191833    418500    383167    77333     278500    268000    496500    0         603500    162333    340000    569833    355667    449000    67167     342500    372667    162833    500332    221500    245000    387167    356500    373667    490500    249333    498667    596000    
710500    371833    550000    530500    533833    425500    851000    508667    898167    555333    801833    602500    647167    772167    428333    677333    713332    528833    280000    602500    0         806167    560500    183333    584167    770667    673500    340167    547667    723667    488500    846667    446167    332667    243167    379333    593500    872667    286833    56833     
282833    770667    446333    296667    402167    450332    120000    460000    167167    359333    84167     595167    161833    344000    562167    135167    174167    397167    666500    151333    776667    0         332333    742500    348000    440833    150167    507333    365000    154000    700832    115667    425500    577833    526167    543500    482000    149167    668667    768667    
226167    589667    161167    293667    362500    320000    401167    403000    448333    410667    348500    308500    482333    327667    314500    365167    455332    357667    490667    365332    594500    356167    0         561833    129000    324000    357667    335833    63167     274000    412167    396833    326333    293333    350167    328167    201332    385833    492832    587167    
679833    341333    519500    499833    503167    394833    820333    478000    867500    524667    771167    571833    616500    741500    397667    646667    682667    498333    250000    571833    138833    775500    530000    0         553500    740000    642833    309667    517000    693000    457832    816000    415667    302167    213000    348833    562833    842000    256667    131667    
200167    585667    151000    295333    365833    323167    416667    405500    410500    413000    366833    275500    500167    295333    310667    357167    471167    360667    486500    368667    590500    372000    143333    557667    0         291667    353167    331833    114332    291500    408000    412333    329500    289333    346167    324167    167333    353000    488667    583167    
227167    730333    300833    466000    535333    480667    443000    579167    395500    589667    379500    387832    485833    109500    454500    477000    438667    530500    631167    508500    735167    468333    262333    702333    218333    0         469500    476167    258000    354167    552000    422167    501333    433167    490167    468000    351333    338167    633500    727833    
268667    619833    432832    204667    270833    328333    245833    328500    286333    229167    186833    581833    209667    396833    405833    51500     300500    266000    519833    76000     626333    187167    318500    592000    334000    427333    0         364667    351000    141333    523667    241500    267167    409833    378667    396167    468833    270000    522000    618167    
449167    326333    288833    270167    273667    164167    589167    248667    636333    294667    540000    341333    386833    511000    190167    416000    452667    268667    226000    342000    333333    544500    299333    298833    323000    509667    412167    0         286500    462333    307333    584833    185833    157500    84667     113167    332333    610833    228167    326000    
244667    585167    157667    307000    376000    306500    414500    416500    438833    424000    362000    304667    496000    323667    310500    378500    468833    371000    486167    378833    589833    369667    62833     557167    125333    320000    371000    331833    0         287333    407667    410167    339833    289500    345833    324167    197333    381500    488333    582667    
164500    788167    450000    316167    385000    455167    221667    510667    232333    397667    164000    601167    300500    298000    569167    172167    276000    380000    676500    218832    794000    174667    323833    757833    345167    322333    164000    516667    356333    0         713167    217333    430332    588000    532167    549333    488333    186332    678667    786167    
409833    383667    272667    359333    362667    236000    612667    337832    606167    382333    560333    340833    475667    488500    123167    478333    542000    357832    284000    430667    390500    568000    287167    356167    300167    486667    474333    216332    263500    483667    0         608333    274833    63833     143000    265667    330332    549000    286167    383333    
375332    749333    435833    335167    423333    545500    81832     458167    105667    375833    119000    593500    134500    323000    534167    221667    100833    417832    648332    238000    755000    114332    426167    721000    353333    358167    236833    493667    458833    210833    652333    0         396500    538167    507667    524500    485667    132000    650500    747667    
362667    506000    381667    138667    114833    226000    365833    141667    411667    163500    452000    408833    255333    545000    292667    259000    321167    109833    406000    210667    511667    326167    308167    478167    327333    563167    255000    251332    309000    377167    410000    361500    0         296667    265500    283000    399667    389333    408167    504500    
380167    344500    243000    337167    340500    214333    584000    315500    577500    360667    531167    311000    453500    459167    100167    456167    519833    335667    244667    408333    351333    538833    257667    317000    270667    457500    452167    186833    234000    454333    157167    579667    252667    0         103333    226167    300500    519000    246667    344000    
476500    268833    316000    297167    300667    191332    616667    275667    663833    321833    567500    368333    413833    538167    192333    443167    480000    295667    168667    369000    275667    571833    326500    241332    350000    536833    439167    102167    313500    489667    252500    612333    212833    96500     0         141500    359333    638333    170833    268333    
448500    352167    288333    258832    262167    164000    487167    237167    533000    283500    539167    340667    375332    510167    224833    378000    442500    257333    251833    330667    359333    447500    298833    324667    322333    508833    374167    96500     285833    461667    341833    482832    174833    183333    110500    0         331667    609833    254000    351833    
323833    592167    107667    401833    427500    316667    527500    402500    520500    447000    474833    203167    609833    402832    315000    491500    582500    422500    492500    475667    597000    482500    189500    563833    142333    347167    459333    336500    165833    398333    423500    523167    339667    306000    350500    328500    0         463000    494667    589667    
289500    786833    358000    372500    497333    543667    145000    494833    93667     412832    116667    515667    224167    246332    510833    220167    199333    492333    687833    236332    791667    133333    319000    759000    275167    281333    235167    532167    314667    168500    608333    140667    518333    489333    546167    524333    407167    0         690000    784333    
585833    200000    425500    405833    409333    301000    726500    384167    773667    430667    677333    477832    522667    647833    303833    552833    588833    404333    145167    477832    258167    681833    436000    222833    459500    646333    548833    215667    423000    599167    319167    722167    321667    208000    119000    255000    468833    748167    0         251000    
694833    356500    534500    515000    518333    410000    835333    493167    882667    539833    786333    587000    631667    756667    412832    661833    697833    513333    265000    587000    50500     790667    545000    168167    568667    755167    657833    324833    532167    708167    473000    831000    430667    317167    228000    364000    577833    857000    271833    0         

EOF
