
NAME: n40_3
COMMENT: TSP problem with 40 nodes and distance matrix
TYPE: TSP
DIMENSION: 40
EDGE_WEIGHT_TYPE: EXPLICIT
EDGE_WEIGHT_FORMAT: FULL_MATRIX
EDGE_WEIGHT_SECTION
0         302833    439667    532333    567667    443667    325833    299333    521833    289833    412333    255000    164167    529833    305333    439333    375833    406167    231667    374667    493667    288833    457167    505000    196500    323500    569667    329000    143333    388000    266667    281667    444833    404833    495332    227500    120667    381167    422667    346500    
317000    0         683500    616333    631333    527333    567333    394000    567833    530500    496000    493333    402167    657667    547000    532500    478333    511500    259167    452500    577333    379667    540667    534333    434000    565167    652667    570667    382333    497832    505167    522500    734000    510000    579000    172667    358667    464833    533000    587333    
435167    665667    0         392000    241000    399500    188000    445000    335667    368667    438333    249667    409667    223667    166000    426500    319667    777167    592333    350500    403167    484167    292500    464833    347832    167833    425332    164333    439000    598833    309167    380000    51167     486667    366833    590000    360167    379333    465332    368167    
508000    618500    402167    0         352500    159000    540833    295000    208167    462832    231332    505332    512667    360167    466000    215333    339333    541500    666500    301333    112000    333500    150500    273500    569667    467832    69667     464333    490500    341833    560833    396500    381500    290333    85500     665167    500000    219000    260833    388000    
562833    667000    231167    289833    0         297000    253500    380500    126000    404500    335167    350667    501000    87500     307667    323833    255500    613000    726167    285833    301000    381167    191500    361833    462000    303500    323167    317333    590500    407167    404167    316000    215167    383500    264833    723833    488500    276000    362333    304833    
462000    571500    434500    187333    338500    0         515500    245000    266500    420833    151333    480000    465833    363000    573833    105833    292500    466500    621000    252667    97667     283500    238167    151833    527500    500332    178832    496833    444500    254500    535500    353000    414000    212000    113333    619167    453333    138833    144667    344333    
303833    534333    199333    512333    284167    477333    0         404500    336667    238167    477000    118167    278333    240500    64667     465000    280333    525333    461500    310833    487333    408000    335667    511833    217000    82833     545833    88333     307667    559167    177333    306833    204500    542833    476833    459167    229333    438833    504167    328667    
335833    445667    432500    348667    376333    259667    416500    0         312667    255833    227667    365500    320000    340667    420667    264833    162833    373667    493500    137000    308000    161167    273167    261332    362500    438833    382832    444333    318167    308667    381500    173333    416333    292333    309833    492167    307500    196500    316500    173667    
498833    621833    275833    236833    102167    255500    290000    271000    0         365167    289000    337667    441167    124167    344333    277167    241833    532833    659333    201667    234333    335167    138833    290333    472333    340167    270167    354000    525167    386667    391000    299167    259500    309000    212000    657833    428667    228832    316167    290333    
234167    464167    385833    533500    446833    464500    272333    274167    401833    0         379167    201332    208667    410500    252000    438000    233000    455332    391333    288500    512667    348167    479500    378333    146500    270167    567000    275500    238000    425667    213000    205000    487000    409333    514333    389000    158833    347000    433500    244500    
434667    545000    490332    252667    358000    146333    504833    241167    296833    355500    0         487832    421167    384500    523000    63667     269500    366333    593667    189667    184833    259667    270000    96500     465500    556167    286167    570000    417167    222333    543500    275333    474167    115667    186500    592167    408667    85667     116500    288333    
251500    482000    282833    512167    394000    477000    168667    414833    369833    185500    487832    0         226000    358333    148333    475167    290167    473000    409167    320500    487832    355667    473667    448667    164333    166500    546167    172000    255333    497000    107000    254500    288000    480667    476333    406833    176667    449000    515500    338667    
142333    373333    452333    559000    499167    469000    338167    331167    454500    223667    438000    267500    0         463167    317833    474167    309000    382000    301667    307833    520500    264500    482333    437333    209500    336000    595000    341500    167167    363667    279333    215667    539667    468333    522167    297500    75500     406333    398333    280000    
512000    750333    190333    318167    82333     350167    204667    331000    154000    354500    384333    301167    451000    0         258832    372500    206000    664833    674833    236500    362500    446000    219833    411000    412000    254500    353000    268333    539667    485667    354167    266333    174000    469500    293167    672667    438500    345500    411333    255333    
326333    556500    186000    439167    297667    509167    79667     435833    368167    260333    508667    141333    300833    271833    0         496833    311833    547667    483500    342333    519167    430000    340167    543333    239167    18167     472333    32500     330167    590667    200667    329333    208500    574333    414000    481000    251500    470667    535833    360167    
436667    547333    458000    244167    326000    130333    472500    220667    264333    361000    53833     455500    457832    352167    528500    0         237000    390667    595333    216332    176500    259667    237500    106167    469333    523667    277500    537500    419000    216500    511167    294333    441833    125833    178167    594000    445332    73500     107333    285833    
343000    576000    338167    380000    281833    314833    352500    153667    250000    211667    246667    331667    285333    247500    426167    291167    0         485500    501833    62500     363000    271167    326000    263667    318167    403167    413500    417000    369000    311000    387832    101167    321833    294667    364667    500332    272833    232500    318833    87167     
401167    524167    699333    503667    594000    418833    545167    361833    529000    506500    352832    473167    381000    607000    524833    364833    428167    0         560500    402500    454500    255000    519333    326833    415000    543000    499333    548500    383167    282333    484833    425833    682833    286167    481333    559000    360667    397667    340332    434833    
238500    261332    599000    692500    728000    603500    484833    459000    681333    449333    572167    413333    323833    690000    464333    599167    535667    566000    0         534500    653500    448500    617000    664500    355167    482500    730167    488000    303000    547833    425000    441333    604000    564667    655167    149000    280333    541000    582500    506167    
381667    615167    338167    320000    251500    254833    352500    173667    198500    246500    200500    335667    324167    247167    407832    255333    65000     451167    541167    0         303000    280333    290000    210167    353333    403167    353500    417000    407832    331000    391000    138333    321833    228667    304667    539500    311667    184333    294167    126333    
475167    584833    406667    106832    328333    112167    539833    261000    271000    429667    189167    492667    479667    364667    470500    173000    305333    477333    633167    267333    0         299500    209833    168500    536833    472167    124332    468667    457333    285000    548167    363833    386000    216500    75000     631667    466833    176667    165167    355167    
323333    433333    542500    410167    423167    321000    465500    178000    359833    343833    288000    395667    300333    450833    445000    313000    270833    259167    480667    244500    369333    0         334333    281500    337167    463167    444333    468667    305833    262667    407333    299833    526500    261833    371000    479333    282167    256667    295167    308667    
421500    531667    301500    144167    252000    163500    427500    209167    149500    376333    201833    469333    426000    259667    365000    190333    253500    496000    579833    215500    155167    247667    0         228333    483500    366833    177167    363333    404000    313333    525333    310500    281000    249667    119000    578333    413500    142667    228832    302000    
430500    551333    518333    248000    386000    133833    532833    244000    320332    358833    79833     516000    424167    411833    525000    96832     297333    334833    588500    198333    169333    252333    293500    0         467667    543167    225333    548667    413167    182833    486667    278167    502167    75000     196167    587000    411500    132167    63833     287167    
211000    441000    341167    609333    491167    557833    227500    355000    466667    182833    460167    156333    185500    397333    207000    531167    325833    432167    368500    381500    605833    315000    572667    459500    0         225167    643500    230667    214833    413833    168167    264833    346333    490833    574000    366000    136167    428000    448667    337333    
336333    566500    179500    437667    299167    510500    89500     437167    369500    270333    510000    151167    310833    273333    26333     498167    313333    557667    493500    343833    520500    440000    338667    544667    249000    0         470833    23333     340000    592000    210500    339333    196000    575667    412500    491000    261500    472167    537167    361500    
555667    665667    422000    56167     331500    197667    548667    341000    232333    506000    270000    544167    559500    379667    486000    254000    385667    463333    714000    347333    129667    379500    174667    252167    615833    487832    0         484333    538167    287500    599500    441000    401333    300167    124167    712500    546833    257667    248832    434000    
334167    564500    185000    436667    304333    515833    87500     442500    374667    268167    515332    149000    308667    278667    25667     503500    318500    555500    491333    349000    525667    437832    337832    549833    247000    17500     469833    0         338000    597167    208500    337167    192000    580833    411500    489000    259333    477333    542333    366833    
130000    361000    421167    562833    571000    474500    305833    330000    546333    261500    443167    235000    195000    476333    285500    470167    406667    437000    289500    405500    524500    319333    488000    535667    176833    303667    600333    309167    0         418833    246667    312167    426333    435667    526167    285333    151333    412000    453500    377167    
303333    424167    525500    334833    457500    240000    445000    220667    379833    333167    205167    375332    283667    435332    424667    196500    257167    232167    460332    231500    275667    176000    353667    179167    317167    442832    330833    448333    285833    0         387000    254833    509333    136167    301833    458833    263333    236332    181000    263833    
319333    550167    319500    568833    450833    533833    205167    471667    426667    253333    544667    133000    293833    415167    184833    532000    346333    541333    477167    376833    544667    423667    530500    578000    232167    203000    602833    208500    323167    625833    0         322333    324500    609500    533167    474667    244500    505833    572167    395000    
316500    549167    406667    402000    350332    314500    344000    203832    317333    180167    283500    271833    259000    315500    336667    359167    110167    505332    475500    156000    363500    297667    327832    282833    287333    354833    438000    360332    342500    330000    297500    0         390500    313833    365167    474000    246500    251833    338000    88167     
434167    665167    58833     359167    228832    366667    186667    456500    323333    367500    405500    248832    408667    211500    164667    393667    330667    702167    591833    361667    370332    451500    260000    432167    346667    166332    392500    162833    438000    612500    308333    390667    0         453833    334000    589500    359000    346500    432500    379667    
410332    531667    529500    290000    435000    175500    500332    223500    360167    338000    126832    450167    403833    439000    504500    143500    260167    297333    569333    234333    211167    236500    333333    97000     447167    522667    267167    528167    392832    161167    466167    257667    513333    0         238167    567833    391333    172000    87833     266667    
462500    572333    367832    97500     318333    90500     502500    248667    232500    416833    175833    467000    467167    326000    431500    159667    293000    485500    620667    255000    64833     287167    170000    183333    524333    433333    130833    429833    444667    314333    522500    351167    347333    234667    0         619167    454167    163333    180000    342500    
224833    203000    585333    679000    714333    590000    471167    445500    667833    435833    558667    400000    310167    676500    450833    585667    522167    552500    105333    521000    639833    435000    603333    651000    341667    469000    716500    474500    289333    534167    411667    427832    590500    551167    641667    0         266667    527333    569000    492667    
136333    367667    416667    548833    479333    458500    302833    322167    434500    203832    427667    232000    73833     443167    282500    463667    298500    373833    296500    297333    510332    256667    473833    426833    165333    300667    584833    306167    161667    476000    243667    195833    519833    457832    512000    292167    0         396000    483833    269333    
395833    505667    402500    250333    296167    124500    465500    183000    233667    355332    96000     448667    400332    346500    521667    77333     232500    407333    553667    184667    182500    221332    208000    132667    462500    517000    283667    464167    378167    263000    504167    255333    381833    151833    184333    552167    387667    0         147667    269000    
460000    599500    510000    236833    377333    123000    524333    277333    315833    412000    118000    507500    458500    403167    580167    87333     288500    374667    621667    268000    158500    285167    289167    81667     521333    575500    214000    589333    442500    210833    562833    346000    493333    98333     185500    619833    446000    127167    0         337500    
324000    561167    438333    406167    380332    313333    409167    171667    309000    243667    282000    357500    266167    345332    413500    318500    109332    508500    486167    133667    365667    296333    326667    281333    354500    431667    441167    437000    353333    329000    374333    96500     421000    312333    369333    484667    253667    250500    340167    0         

EOF
