
NAME: n40_4
COMMENT: TSP problem with 40 nodes and distance matrix
TYPE: TSP
DIMENSION: 40
EDGE_WEIGHT_TYPE: EXPLICIT
EDGE_WEIGHT_FORMAT: FULL_MATRIX
EDGE_WEIGHT_SECTION
0         682833    361500    578167    379833    512832    617667    682833    516333    502167    216332    529000    306500    606000    595500    530333    422500    556333    568500    401333    436500    215833    670167    506333    366500    545000    654333    621667    634500    353500    344167    395833    268333    337167    326833    525167    296833    381833    381333    484000    
680500    0         566333    341167    665167    569667    815000    718500    570333    560000    608500    796167    767333    660167    337832    584333    761333    610333    653332    455167    621000    628167    866833    563167    609000    280833    49000     868500    847000    548167    754167    487500    676333    683332    779167    611000    685333    437167    719833    538833    
392000    628500    0         523000    140500    427333    333833    401667    402000    266667    279500    298167    235000    467667    540167    416333    320833    441833    337333    348167    156500    317167    389000    328833    86667     490167    599167    387500    403333    122167    423167    237833    308167    153167    246667    289667    236000    361333    302333    396667    
584000    360167    469833    0         568667    473500    718332    622667    474833    463333    512333    699667    671167    564500    271500    488833    665167    514667    556667    354000    524667    532000    770000    467167    512832    219000    333167    771667    750167    451500    658000    390000    579833    586833    682833    514667    588667    340332    623333    443333    
438167    681833    150167    577667    0         430332    288167    356000    423667    291667    290000    207833    184167    422333    595333    438833    285667    466333    291667    467832    108000    316167    343333    351167    150000    544000    654833    324000    372500    239667    423167    241332    307167    143833    197167    292333    199833    386000    266667    404667    
558167    617333    472167    512000    411167    0         424667    327832    289833    274500    486500    430000    569500    269833    529167    303833    580000    329833    230833    376833    333833    506500    391500    203167    416500    478000    590333    480500    528667    426000    763332    342500    643167    482000    581167    210667    570500    216667    555333    93167     
691500    826000    354833    721333    294333    379333    0         135000    443833    373000    497832    203832    379333    199500    738500    457832    365000    486333    210167    557333    217500    535500    90500     376500    299333    682333    798332    84167     131333    429500    646667    397500    526500    318167    388833    266333    454333    394500    368833    351333    
702167    715333    453667    610000    392000    316500    149000    0         387333    371667    597833    323333    422667    102000    627167    401333    408333    427500    307500    474667    314833    635500    89167     303167    397167    575500    688167    175167    190167    423667    747500    496167    626500    361833    432167    364000    449833    315167    412167    287000    
522000    579667    369500    475667    412667    238500    419167    387167    0         214000    450167    488167    463000    328833    492832    33167     600000    116333    269667    340332    320667    470167    441667    206332    307333    441667    552667    480833    531333    389333    653500    294000    536500    380833    474667    227333    464000    176332    551500    208000    
526667    558833    199333    454667    245167    250333    343500    411833    225167    0         336667    327000    292333    324833    471833    239167    430833    265167    156000    337667    153833    374333    399167    152500    138000    420667    531167    397667    446333    231332    481500    154167    365332    211167    304167    113667    293500    193000    382667    219833    
207667    612500    179000    508167    236000    479333    431833    497000    454167    317833    0         384667    142167    565167    525500    468167    258333    494000    384333    333000    253000    116667    484333    381333    183333    474667    584833    441667    454500    244500    249333    285833    167333    161833    156333    340833    125167    314000    217500    448833    
532833    783667    242000    677500    176167    398167    167167    259500    466167    361000    383500    0         277500    323333    695000    480167    297833    510167    218667    511167    226000    410167    246833    394833    251332    643833    756833    178000    226500    307333    517832    340332    401167    236500    290333    284000    293000    455833    301667    370000    
316500    710832    196167    606333    162333    498500    441667    459167    473333    336500    128667    309500    0         577333    623667    487333    151333    513667    403167    429667    235667    203000    498667    400000    200500    572167    682500    382500    395500    277667    309833    303833    193832    115000    50167     359500    51833     432500    110333    468000    
617667    675500    450833    571500    389500    278833    206167    123833    349167    333833    593000    362333    548000    0         588667    363167    484000    389333    260500    436500    312333    630667    152500    265333    394500    536833    648500    241500    264667    524167    741333    402333    621667    461167    559833    301833    549000    277500    532833    249333    
563333    343500    428167    277500    501667    497500    742500    646333    498167    487832    491833    619667    573000    588000    0         512167    622500    538167    581000    383000    548833    511667    794333    491000    465167    121333    316500    691833    706833    437500    641833    415500    564333    504500    586167    538833    573000    365000    603000    466667    
533167    591000    379333    487000    422333    249333    428667    397667    30833     224667    461333    497333    472167    339667    504167    0         610000    121167    279667    351167    330500    481500    452500    217167    317167    452500    564000    490167    541667    399833    663833    304833    546833    390332    484000    237333    473333    188000    561833    218832    
430000    789000    274000    682333    274167    586167    460500    457333    592500    460167    267500    313333    160167    597000    699833    610333    0         637833    450167    505667    323500    275833    515667    519500    305000    649333    758833    382333    395667    302500    390332    439500    266833    241167    147667    476833    187667    554833    63333     558500    
586833    644667    433500    540500    476333    303000    482832    451667    139500    278500    515167    551000    525833    393500    557833    133167    663667    0         333333    405332    384333    535000    506667    270833    371000    506500    617667    543667    595333    453833    717667    358500    600500    444500    537667    291000    526833    241667    615500    272500    
665333    649500    331667    545500    271167    246667    225833    293500    298833    213667    473667    289833    429167    257000    562667    312833    438833    339167    0         410167    194667    510667    280833    226167    276333    511333    622667    279833    328167    405500    620333    263500    501667    342333    441000    116500    430167    249667    414167    216667    
444667    450833    322000    345667    395167    337500    602000    485167    338167    326667    372832    517333    450500    427500    363000    352167    520167    378167    393667    0         410833    392500    539833    331000    312667    311500    424000    587667    603167    282500    517832    278000    440500    399000    470667    351167    440833    207500    498333    308000    
530667    625333    200333    521000    131333    371500    248667    316333    316833    185167    338333    233000    293500    384000    538167    331000    335667    358500    235333    411833    0         378333    303667    244500    142833    485167    597500    302167    352667    262833    484500    215167    367832    210833    305333    185833    294667    279167    289167    343833    
212667    599500    268667    495332    296167    432167    521167    586333    433500    405833    128500    444667    219500    523333    512667    447500    298000    473500    473000    320667    342667    0         572833    425833    273000    462167    572000    537333    550167    292333    291333    315667    59166     251500    239667    428833    209833    301667    257000    403500    
750832    785333    413000    679667    351500    383667    109000    79000     455000    431333    556667    280500    434833    150167    697000    469000    420500    496167    267167    543500    274667    594333    0         370332    356500    645000    758332    131500    132333    487832    706000    455667    585333    373833    444167    323500    512667    382333    424333    354667    
472500    530333    309000    426333    351833    200000    358167    348500    205000    156667    446333    426667    401500    290500    443500    218832    538167    244833    209000    292000    260000    420833    414833    0         246667    392333    503333    419333    469833    340500    591667    257667    475000    319833    413333    153667    402500    132167    490000    169500    
443333    610167    92333     504833    117500    371000    311833    380000    345667    211167    255000    275333    210333    446000    523667    359833    296333    385500    315500    397667    121832    292667    366833    273333    0         471333    583167    365332    414667    159667    398667    171667    283500    128667    222167    234000    211500    305833    277833    340332    
553667    288833    439667    222833    538333    442832    688000    591667    443500    433333    481833    669000    640500    533333    123500    457667    634500    483667    526333    328500    494167    501500    739667    436500    482333    0         262000    741500    719833    421500    627333    360833    549500    556333    652167    484167    558333    310333    593000    412000    
652000    51167     538000    312667    636667    541167    786333    690000    542000    531667    580167    767333    738667    631667    309333    556000    732833    582000    624667    426833    592667    599833    838000    534833    580667    252500    0         839833    818167    519833    725667    459167    647833    654667    750500    582667    656667    408667    691333    510332    
626167    890167    319167    782167    317167    444333    109667    189833    513333    433500    427167    181500    345833    253667    799667    527333    331833    554500    264333    550000    272000    423667    147833    441000    355332    745333    859667    0         101832    347167    538000    453833    414500    284833    355667    330167    373000    461500    335667    416333    
641000    847500    335000    741667    356833    484333    148500    145500    553667    473500    442333    233832    362333    232500    758833    567667    348000    594833    303667    565667    311167    479833    123167    481000    395332    708667    817833    94667     0         363500    586167    493833    470500    301167    371833    369667    389833    442000    351833    456333    
385500    583167    95833     479667    201000    429500    408000    475833    404000    269167    280167    318000    308833    542333    496833    418333    320833    444000    334667    303667    230167    336667    463167    331500    129167    445500    556167    391000    404333    0         497500    183667    382000    226833    320667    292167    273500    285000    302833    398500    
340833    744833    321000    640500    373167    618333    573500    638667    593000    458167    234167    509000    288667    707167    657833    607000    373167    634667    525333    465167    395000    240167    625167    522167    325332    606833    716667    580500    594500    410167    0         427667    234667    304000    308833    481167    279000    446000    332333    587500    
419667    438667    240667    334333    233832    287000    425833    494333    287667    172833    378333    393000    333667    382667    351667    301667    421333    327832    283000    226500    241500    417167    481500    268500    177333    300167    411833    480000    529000    208000    524667    0         408000    252333    345500    241167    334833    156000    402167    256667    
246500    596667    216332    492500    268500    429333    468833    534167    430500    353333    129167    404333    183667    602667    509667    444500    268500    470500    420667    317833    290333    50667     520667    417500    220667    459333    569167    475833    489833    289500    242833    322832    0         199167    204000    376500    174000    299000    227500    400500    
365167    666667    117667    560500    101832    417500    365167    432667    392333    256332    181833    249833    137333    498667    577667    406333    263167    432000    322832    366333    175333    219500    420167    319667    122000    526500    638833    333500    346333    164167    325000    224333    210500    0         149167    279333    138500    352167    245167    387000    
334833    710500    214833    606167    173167    516333    431833    502167    491167    354333    147500    320332    43667     568167    623500    505167    137500    530833    435500    430667    281500    206000    489667    417832    219167    572833    682500    393333    406333    263833    311167    322500    196833    125833    0         377333    71000     450167    96500     485833    
615000    606667    287333    502667    333333    199833    282833    351333    256667    156833    425167    352000    380667    302833    519833    270667    501000    296333    133833    368167    217333    463000    340000    145000    225167    468667    579833    402167    451167    319833    570167    241332    453833    298333    392333    0         381667    207000    476333    169833    
307833    692833    181500    588333    169167    482667    448667    466167    457500    320667    134167    316500    46333     584167    605500    471500    179667    497333    387167    412000    255500    187167    505667    384167    185833    554000    664667    389500    402333    262500    292333    288667    178000    122000    57000     343667    0         416667    138667    452167    
459167    516833    312667    413000    358167    149667    356667    298000    143167    133000    387500    418667    405332    240000    430167    157167    545167    183333    207167    277833    266667    407500    352667    143833    250167    379000    490000    387333    413667    326667    595667    213167    478667    324500    417167    164833    406500    0         496833    119167    
400000    740333    258832    635500    259000    571333    445833    442667    577667    445500    210167    298167    104000    582167    652833    595500    47500     622833    435500    458000    308333    231332    500833    504833    277000    602000    712167    367667    380833    287333    346500    424667    222167    226000    91500     462167    130500    540000    0         543667    
520000    579167    434167    473833    373000    80500     386500    291667    251667    236332    448333    391833    531333    233667    491000    265667    541833    291667    192667    338833    295667    468333    355500    165167    378333    439833    552167    442500    490500    388000    725167    304500    604833    443833    543000    172667    532333    178500    517167    0         

EOF
