
NAME: n40_5
COMMENT: TSP problem with 40 nodes and distance matrix
TYPE: TSP
DIMENSION: 40
EDGE_WEIGHT_TYPE: EXPLICIT
EDGE_WEIGHT_FORMAT: FULL_MATRIX
EDGE_WEIGHT_SECTION
0         550833    111000    222833    426167    466167    423000    432667    311167    123000    180833    139000    255500    334667    200333    340000    474667    28666     443167    297000    374000    466000    212167    149333    193832    429833    297167    252667    320833    131333    127500    549333    438167    295833    348500    271667    227167    267167    348000    247333    
584833    0         503000    637667    563333    746833    560167    569833    229667    629833    577833    680333    378000    470833    433000    865000    655667    568167    580333    450167    292500    663167    460667    532000    416667    637667    326667    386833    703167    672833    521667    365500    208333    822167    774833    412167    522167    751167    271333    597667    
139167    505500    0         231000    380833    487832    377667    387333    265500    171167    172000    226332    210000    289000    154333    438000    480667    110167    397832    251332    328500    487832    166167    142500    148167    456500    251500    207167    295833    218832    62667     503833    392832    394833    369833    226000    181667    328500    302333    274333    
250333    655500    216500    0         530167    447667    527000    536667    415500    262167    112667    211000    359833    438833    304833    230167    592833    228832    547333    401333    478000    527500    316833    308000    298167    496667    401500    357167    121333    215333    232833    653833    542167    228500    364167    376000    331167    335167    452000    314000    
504667    555500    372832    505667    0         354000    33000     63667     314833    466167    446000    502167    257333    288500    304000    536000    183832    436333    91667     322333    377667    251167    330332    403833    290167    259000    300667    279167    619500    487500    391167    553167    442500    536000    430000    281167    391500    425000    351667    334500    
500833    729167    492667    475833    344333    0         339167    370667    489167    419500    468667    430667    429833    308500    500500    324500    216500    511667    425500    496667    552000    189167    431667    437500    520667    194000    475167    452500    425000    416167    500167    726667    617000    340500    271000    479667    534500    287333    526000    289500    
451833    553333    371667    503333    28000     362333    0         62167     313667    474667    444833    510500    256332    287000    303000    544333    192167    435167    95000     321167    376500    259500    329333    412167    289167    267333    299667    278167    627833    495833    390000    550833    441333    544333    438500    280167    390332    433500    350667    342832    
479333    580833    397167    530833    84167     411833    75667     0         339000    543500    472333    563500    281333    285833    328167    562333    235667    462832    72500     346667    402000    303000    354833    481000    314333    311000    324833    303333    683000    547167    415332    578333    469000    578333    473833    305333    415833    501500    376000    392000    
363167    268833    282000    414667    341000    521000    337832    347500    0         406000    356167    456500    157333    248667    212833    638333    432000    346500    358000    228000    63000     439500    239333    310333    195833    413833    102167    166167    480000    449000    300167    268333    156000    595333    549000    191332    300667    525500    41500     374000    
124000    624167    184500    245833    546500    407167    541333    576833    383167    0         249667    93167     327500    457500    271667    297500    472000    132167    613167    369000    446333    407167    282167    120833    265500    376667    369000    307167    332500    87333     224000    622667    511333    253500    289833    332667    275333    248832    420332    194667    
182833    587833    149000    108167    463000    525667    459833    469500    348167    222167    0         186667    292667    371500    237333    266333    580833    161332    480000    334000    410667    515332    249167    269667    230833    484667    334167    289833    199833    186000    165333    586333    475000    255333    374667    308667    264333    323167    384833    301667    
101000    646000    193167    208667    500833    365332    495667    529500    404000    80000     196500    0         348167    411000    292333    236332    425500    111667    567167    389833    467167    360500    303000    141500    286333    324000    390000    328000    275833    14167     232667    644333    532167    192333    218333    353500    296167    163167    441167    142667    
287833    403333    206667    339333    320500    500500    317333    327000    162667    304000    280833    354333    0         229000    137833    472667    411167    271333    337667    129000    225500    418833    164333    235167    120833    393167    148667    156167    404333    346833    224833    403000    290333    542167    516667    181500    225333    475167    200333    370667    
475167    531500    351167    593667    260500    363000    257500    265667    293333    455833    423500    441500    235833    0         282500    441667    307667    483500    277667    300500    356000    281667    295167    372832    268500    256000    279333    257833    560167    426167    369333    531167    419500    457667    353667    271167    369833    381833    330833    272833    
204833    506000    123500    256167    381500    546333    378333    387832    265500    221833    197833    272167    210000    289333    0         389333    443167    188167    398500    224167    328667    412832    144000    152000    99332     386667    251332    207167    321167    264667    141667    504500    393500    481000    435667    226000    114833    412167    302667    261667    
276500    786833    345167    225833    519000    278000    477167    494667    546167    272000    294500    227000    486833    367000    518333    0         360500    287167    505000    553667    609167    311667    513833    342167    426667    287667    532167    517832    199333    244667    361833    784333    675333    91832     202333    543667    497333    210167    582500    279500    
438667    665832    450167    586500    209000    211167    210833    246833    424667    400500    528167    436167    367167    307167    410167    446333    0         447832    245500    432333    487500    126832    356167    337667    429833    134667    410332    377000    552333    421500    412000    663332    553000    462333    360167    403833    447167    366500    461667    268500    
22500     560000    120167    221000    435332    475332    432167    441833    320167    132167    190000    148000    264667    343833    209333    289833    483833    0         452333    306000    383000    475167    221167    158500    202833    439000    306167    261833    319000    140333    136667    558500    447333    256000    357500    280833    236332    276333    357167    256332    
485332    586833    403000    536833    98667     400000    100833    74833     345000    513833    478333    549333    287333    291833    334333    564833    232000    468833    0         352500    407832    298667    360667    451667    320332    306667    331000    309333    667333    534833    421333    584333    475000    580833    474333    311333    421667    469333    382000    382000    
319000    467500    237667    370500    341667    522000    338500    348167    226500    335167    312000    386167    130167    250000    169167    504333    432832    302333    358833    0         289333    440500    195333    266167    150333    414833    212500    168333    436000    378167    255833    467167    354000    573667    548167    187333    210833    506833    264167    402500    
411333    312833    330167    463000    389167    569167    386167    395667    54000     454167    404333    504667    205167    296333    260667    686333    480167    394667    406167    275667    0         487667    287000    358500    243667    462000    150000    214000    528167    497167    348333    312500    200000    643500    597167    239167    348833    573667    93000     422167    
465667    690167    487832    545667    278000    184833    279833    309167    448667    408167    570000    394500    389500    269167    427500    383667    115667    476667    314500    456167    512167    0         373167    355000    447333    57333     434667    394333    513333    379833    429500    687667    578167    399667    296833    421167    465667    290667    485500    253667    
291333    451333    209500    342333    326500    460500    323500    333000    211167    253167    283833    303667    155500    235167    140667    513333    410332    274333    343667    197000    274333    379833    0         191833    108833    354167    197167    143500    407333    296167    227667    449667    338667    469667    424333    168832    194167    400833    248333    250833    
140500    556833    151000    260000    466500    436833    461333    494333    316333    102333    266000    152667    261167    364500    205167    331833    391167    148667    530833    302167    379667    360833    228667    0         199000    335167    302333    253500    358167    145167    120333    555167    444167    287667    319500    278833    209000    278333    353667    185833    
231667    458333    150333    283167    333833    599667    330833    340332    218832    248667    224667    299167    163333    242500    81500     416167    484667    215000    351000    170000    281667    454000    104000    178832    0         428333    204833    160500    348000    291667    168500    456833    346000    486000    460500    179333    168832    419167    255667    314500    
461667    661333    484000    541500    269500    194500    271500    300833    421667    405167    500833    391500    362667    242167    406667    356333    114500    472667    306000    429167    484500    58667     352667    334500    426500    0         407667    373500    457500    376833    408667    658833    549667    372333    270000    400332    443000    282500    458333    211332    
336000    326333    255000    387667    314000    493667    310833    320500    84667     379000    329000    429333    130000    221667    185833    610833    404833    319500    331000    201000    147500    412333    212333    283333    168667    386833    0         138833    452667    421833    273167    326000    213500    567833    521833    164167    273667    498333    123167    346833    
327667    382667    254333    386833    284667    497500    281500    291167    142833    289333    328333    339833    131500    192833    185500    520667    445500    318833    301833    202667    205833    415167    138500    228667    170333    389500    128833    0         451667    332333    272500    380667    270167    476667    431500    48167     273000    408000    179833    257500    
295667    701167    261833    126167    632500    390500    699333    608667    461000    339167    176500    290333    405332    480667    350332    193832    474167    274167    618833    446833    523500    425833    362167    400167    343500    401667    447000    402500    0         293167    278167    699667    587833    201332    331667    421500    376667    340667    497500    346500    
110000    655333    202167    217833    496833    361333    491667    525500    413167    92167     205667    41833     357333    406833    301500    232500    421333    120667    563167    399000    476667    356333    312167    150667    295333    320167    399167    337000    271833    0         241667    653833    541667    188333    214333    362667    305167    159333    450500    138833    
172000    477333    52167     263833    352667    515000    349667    359167    237833    196332    205167    251332    182167    261167    126667    466000    452667    157167    369667    223667    300500    421333    138500    148000    120500    395667    223667    179500    328667    243832    0         475667    364667    422000    397667    198333    154000    356167    274500    267667    
581167    356500    499500    632500    559667    739500    556500    566000    228000    624667    574167    675167    375833    467333    430667    857000    650667    564500    576667    446667    290667    658167    457167    528333    414500    632500    324833    384667    697833    667667    518000    0         252500    814167    767333    410000    518333    743833    269667    592667    
482667    201833    401167    534167    461167    641167    458167    467667    129667    526333    475833    576833    277500    369000    332333    758667    552333    466167    478333    348333    192167    559833    358833    430000    316167    534167    226332    286333    599500    569333    419500    262000    0         715832    669000    311667    420000    645500    171332    494167    
252833    839667    361167    220667    583167    310833    607667    527333    594000    234167    289333    203500    517167    399667    492832    83500     393167    263500    537667    559167    657167    344667    488333    312667    455332    320500    575333    492333    190000    206332    352832    837667    722833    0         166000    517667    465167    172500    631500    259500    
274333    759500    337667    328667    444000    234333    445833    478167    513167    218667    354000    205833    501500    344167    435667    195833    309000    283667    480500    562500    578500    289000    431000    288500    456167    237833    498833    415167    298667    191167    377333    756833    643833    151500    0         441167    442500    106167    549500    226000    
350500    396667    267500    400332    289500    520500    286333    296000    156333    312167    341500    362832    143833    197667    198832    543667    468333    331833    306667    214500    219000    438000    161332    251332    182500    412500    142333    30167     465332    355332    285833    396333    283500    499500    454500    0         286167    430833    193832    280333    
256000    532333    174833    307500    407667    584500    404500    414000    291167    247500    249000    298000    235500    315167    159500    441167    484167    239500    424667    277000    354500    453500    191833    177667    173832    427832    277167    232833    372832    290500    193167    530667    419667    434167    466000    251667    0         424833    328500    298500    
276833    743833    315000    356333    445332    243500    447333    480167    492667    241332    381833    208000    480833    356833    393333    241833    334667    286167    481833    519833    555500    272667    388833    272333    413500    236167    477500    392832    325167    193333    357333    741833    629167    199000    126000    418167    427333    0         530000    180333    
399667    270000    318500    451333    377667    548667    374500    384167    23666     442667    392667    492832    194000    285167    249500    674167    468667    383167    394667    264500    86333     467333    275833    346833    232333    441833    138167    202667    516000    485332    336833    269667    157333    631333    585000    227833    337167    561500    0         410667    
303167    599667    308500    389500    414000    344000    408833    441000    357000    235333    426667    236833    345167    322000    259500    320332    336667    322832    477333    384167    419833    282333    254833    197167    279500    248167    341833    258832    357167    220833    259167    597500    485167    276500    233000    284167    293333    201833    394167    0         

EOF
