
NAME: n40_6
COMMENT: TSP problem with 40 nodes and distance matrix
TYPE: TSP
DIMENSION: 40
EDGE_WEIGHT_TYPE: EXPLICIT
EDGE_WEIGHT_FORMAT: FULL_MATRIX
EDGE_WEIGHT_SECTION
0         626500    619667    178333    759667    412000    401000    511667    483000    476667    669500    580000    191332    451000    409167    632833    204167    110333    401333    458000    466500    614000    441333    117167    457832    135333    327667    326500    453667    336333    744167    244667    348167    97833     75833     115333    501500    566000    476667    621500    
617333    0         60833     504167    288667    446500    658167    570000    495167    226167    541333    549333    481333    574833    439500    137500    622167    530000    414833    471000    261833    401500    394667    692167    594333    733833    463667    408000    502000    336833    553500    466000    430667    591500    732667    527000    444667    535333    348167    128500    
617500    55667     0         504333    288833    446667    658332    570167    495332    226332    541500    549500    481500    575000    439667    123500    622333    530167    415000    471167    262000    401667    394833    692333    594500    734000    463833    408167    502167    337000    553667    466167    430833    591667    732833    527167    444833    535500    348333    111167    
178832    505500    498667    0         637000    481667    394667    488667    363000    357832    567167    617500    116333    428500    478833    511833    260667    103333    282667    338833    347667    427667    322500    236667    499667    251500    251000    231332    495500    218000    579333    185167    229833    141667    177000    77333     470167    603333    357667    500500    
744333    287667    280833    631167    0         573500    785167    697000    622167    353167    668500    676333    608167    701833    566333    297500    749167    657000    541833    598000    388833    528500    521500    819333    721333    861000    590667    534833    628833    463833    680500    592833    557500    718500    859833    654167    571500    662333    475000    278833    
427333    485000    478167    473333    616667    0         327667    316500    438333    335833    360500    322667    413333    243667    40333     491333    300167    458000    357667    414667    285000    236833    403000    356167    206167    398000    311000    285333    151167    297667    373667    363167    400000    416333    396833    475833    136667    308667    357667    480000    
458000    667833    660667    456333    800500    304500    0         217000    656167    517832    438000    351500    549167    205667    286333    674167    386167    485332    572500    630667    467167    429833    621833    420167    293000    375000    500167    499833    299333    514167    550667    523167    568500    388500    411000    469667    319167    337500    539667    662833    
504667    612667    605667    534167    744500    277333    235500    0         597000    460000    311333    225000    522333    124833    254667    619167    375500    535333    514000    571667    411167    248000    562667    430833    167000    475000    491833    439000    221167    453333    374667    495833    560333    493333    473667    553167    277000    210833    481667    607500    
441833    477832    471000    329000    609167    398333    630000    558833    0         328500    539167    565000    306000    539167    398000    484167    374000    355167    129167    76167     318167    399167    217333    437832    447000    461333    288500    207500    443000    188167    551333    290833    255500    416167    464667    351833    442500    550833    328333    472832    
470500    220333    213500    357667    353000    299333    511000    422667    348667    0         394167    402000    334833    427667    292333    226667    474833    383667    268667    324500    84667     254667    248667    544500    447167    586000    317167    262000    354833    190500    406167    319500    284167    444833    584833    380667    297500    388000    201000    215333    
593000    525667    518833    551000    656167    293333    425000    253000    590833    377000    0         106333    565500    306667    264167    532000    467667    623667    508000    565333    328167    196500    442832    520833    201500    563667    463000    435500    226500    385167    169500    515000    476833    583000    562500    641500    260500    125833    398667    520667    
544167    466000    459333    491333    596667    245333    377000    205667    482333    317667    112000    0         468500    258832    216332    472500    419500    574833    403333    458167    268500    137167    383333    472832    157000    514833    414833    387333    189333    325500    246500    466833    417167    534167    513667    592667    201833    34833     339167    461167    
176167    468667    461833    134167    600167    389333    467667    488667    326000    320667    647167    557833    0         428333    386500    475000    168667    118333    246000    302000    310333    390667    285167    164167    435167    195000    212667    193167    431167    180667    542167    140833    191500    218000    198500    158667    479167    543833    320500    463667    
470833    605000    597833    483333    737667    239167    190833    105167    563500    454833    314500    228333    488667    0         221667    611500    342500    502000    480332    538167    402167    295833    529167    398167    159667    402000    458667    406333    195500    420667    391333    462500    526833    415667    440332    519667    254333    214167    476333    600167    
412667    496833    490167    488667    628500    42167     345332    301833    453667    348000    393500    308167    430167    262333    0         503333    285667    443333    373333    430000    297333    255167    418500    341500    191332    383333    326333    300500    187167    312833    392000    378833    415332    401667    382167    461167    149333    294000    369500    492000    
614500    147000    121667    501500    285833    443833    655667    567333    492500    223500    538667    546667    478667    572167    436833    0         619500    527333    412167    468333    259167    398833    392000    689667    591667    731333    461000    405332    499167    334167    550833    463333    428000    588833    730000    524333    442000    532667    345500    83833     
228167    566833    560167    288167    699667    281333    349333    380500    390000    416833    537667    448500    179500    320332    278667    573167    0         229667    309167    365833    398000    482667    372000    239333    327500    281000    189167    194667    323333    267500    612000    168667    255167    299333    279667    276500    370167    434500    408000    561833    
90500     542833    536000    101832    674333    413667    423833    513167    399833    394667    671500    581667    125333    452667    410833    549167    211000    0         319833    376000    384500    465000    359333    126667    459500    158500    287500    268000    455500    254500    746000    219167    266500    149167    132500    89167     503000    567667    394500    537833    
393167    428667    422000    280167    559833    350500    582167    510667    156500    279500    490000    516833    257333    491000    350000    435000    325833    306333    0         132333    269333    350167    150833    390000    399167    412167    239667    158667    395167    139333    502167    242000    206667    367333    415667    303000    393500    502667    240333    423667    
449833    485667    479000    336833    617000    406333    637833    566667    104667    336333    547167    572833    314000    547167    405833    492000    382000    363000    137000    0         326000    407000    225167    445833    455000    469167    296333    215333    450833    196167    559333    298667    263333    424167    472667    359833    450500    558833    336167    480667    
458500    271000    264333    346667    404000    279000    514500    433333    337667    94000     404833    412667    323833    429333    293167    277333    414333    372000    258500    313500    0         266167    238500    445667    343000    477500    306167    251833    334333    181500    416833    308500    273167    432832    481000    369500    277167    398667    191833    266000    
560333    443333    436500    468500    573167    227167    371167    199833    459500    294833    166667    179333    445667    253000    233500    449667    436333    591000    380667    435332    246000    0         360667    489667    150000    531000    431667    404167    148167    302833    244000    483667    394500    550167    529833    491333    139667    165167    316500    438333    
418667    403833    397000    306000    535000    386833    624667    547000    218000    256000    465167    553167    283000    530167    386500    410167    374500    332167    137667    193832    245667    326000    0         405667    435833    437667    265500    210000    431667    135167    477167    267667    232333    392832    441167    328833    368500    539167    181332    398833    
106667    660832    654000    215000    796333    332333    344000    431833    477832    507333    589000    499667    169833    371333    329500    667167    136667    121667    397167    453500    528000    533667    460000    0         378167    116832    283833    282500    374167    396667    663000    201000    348833    135333    115667    169833    421667    485667    495667    655832    
447333    534833    528000    481000    669000    147500    321833    175833    445332    384667    239833    197500    420332    184167    118500    541167    322167    478167    364667    421667    356333    168667    410000    376500    0         418167    318167    291333    44500     304833    289000    371000    406833    436500    416833    496000    151000    183500    429167    529833    
117500    640667    633833    229167    774000    407832    315333    407832    497000    490667    667500    577167    205667    347832    405000    647000    210000    157500    415500    471833    480332    512500    455167    90000     453667    0         352167    351000    383667    350500    742500    263000    362167    106832    87000     166167    402832    563167    490500    635667    
306000    405500    398833    258167    536667    285000    438333    469500    263167    257833    537500    450167    224833    408667    284500    412000    183500    259000    183000    239167    247667    327832    222333    327500    333667    369333    0         54667     329500    117667    479000    120000    162167    387667    368000    281000    379667    436167    257667    400667    
321833    417167    410500    285333    548167    281333    470332    440833    250667    268833    533833    447000    241167    421167    280833    423500    215500    275333    170833    227000    258667    339333    232667    285000    330000    340833    72500     0         325833    129000    490667    152000    194167    362167    344333    308167    376167    432832    268667    412167    
458333    545500    538833    491667    679333    158500    339000    228000    456167    395500    269333    234000    431167    218667    129332    551833    333000    489000    375667    432500    330500    154833    420833    387333    44667     429000    329167    302333    0         315667    318333    381833    417832    447333    427832    506833    145167    220000    403167    540500    
376167    336667    329667    263000    467667    305500    542500    464833    209333    188333    397832    471167    240000    448000    305000    343000    332000    289167    129000    185167    178167    258333    153000    363167    354500    395000    222500    167000    350332    0         410000    224667    189333    350332    398500    285833    301000    457000    188167    331667    
693667    551833    545000    577000    682833    361833    554833    340332    568000    401167    165667    268333    554167    402667    361500    558167    566500    602833    486833    544000    351333    217833    466833    622833    258832    664500    536500    480167    283833    409000    0         538833    500667    682833    663167    599833    265333    282333    422667    546833    
239667    454167    447333    219167    585333    396833    471000    502832    311667    306167    602000    514167    137833    437500    399500    460500    175500    193167    231332    287500    296000    376333    270833    202833    396667    258500    108167    161332    392667    166332    527667    0         174667    280000    261833    240333    443167    500167    306000    449167    
342333    464167    457333    220333    596833    454333    523167    554833    321000    315667    525500    622500    196833    493333    451667    470500    270000    246833    240333    297000    305500    385667    280333    329333    499500    361167    159333    186833    495500    175000    537667    161667    0         307167    364667    243167    429000    608500    315500    459167    
110333    582333    575500    131500    715333    456500    338500    432500    439333    434167    716833    626500    191833    372333    453667    588667    257500    179000    358500    415167    424000    537500    398667    144333    502333    130833    326833    307333    408333    293833    702167    261167    305833    0         72500     91667     427500    612500    434000    577333    
88833     642500    634500    192000    774667    426167    323000    416833    498667    493667    686167    595833    226500    356833    423333    649000    227500    167500    417832    474500    483333    629833    458167    114332    472000    100667    372000    370833    468000    353167    761667    288833    365167    61833     0         130000    411833    581833    493500    636333    
114500    526667    519833    78167     658332    460167    385833    479667    384167    379000    588500    628333    137500    419500    457333    533000    252000    102667    303667    360000    368667    448667    343500    171000    506000    188167    272000    252500    501833    239000    600667    206332    251000    94500     112667    0         549833    614167    378833    521500    
515167    456333    449667    481667    588167    162667    366667    286500    472667    306833    276667    316333    458833    282000    145000    462667    387333    546667    393667    448500    256332    135333    373667    443833    170333    485667    413833    387000    161500    314667    271667    467500    407500    504333    484333    565500    0         302167    328333    451333    
519333    451667    445000    477000    582333    220667    352333    181000    468000    303333    109167    32500     491833    234000    191500    458000    395000    550000    389000    443833    254167    122833    369000    448167    132167    490000    390332    362832    164667    311167    232167    442333    402832    509333    488833    567833    187500    0         324833    446667    
454000    360833    354000    340667    494000    327000    539500    450833    284333    212500    422000    430167    317667    455667    320000    367167    409333    366500    206000    260167    202333    282500    154000    441000    391667    473000    300000    244667    382500    173832    434333    302333    267000    428167    476333    363500    325167    416167    0         355833    
612500    141167    119667    499167    283333    439000    654000    565167    490167    217667    536333    544333    475167    570167    431833    77000     617500    525000    407333    465000    253333    393833    386833    688000    589667    730333    456333    400167    497000    329000    548500    458500    423000    586833    729000    522000    437000    530333    340332    0         

EOF
