
NAME: n40_7
COMMENT: TSP problem with 40 nodes and distance matrix
TYPE: TSP
DIMENSION: 40
EDGE_WEIGHT_TYPE: EXPLICIT
EDGE_WEIGHT_FORMAT: FULL_MATRIX
EDGE_WEIGHT_SECTION
0         476833    432500    580000    166332    72000     434333    382000    168832    626333    397000    243333    539667    245167    707333    620167    334500    284833    287167    188333    251833    168000    115333    185500    384833    455500    300833    429833    135167    529333    509667    563500    149167    302167    383333    414667    238667    557500    393667    581500    
503333    0         306000    477832    566500    466333    491500    372000    452832    194333    256667    388000    224333    378833    603833    264167    185833    331167    308667    468667    418833    469333    508833    481667    324833    283333    282667    487167    448167    426667    321167    272167    433667    335500    278667    273000    270833    455332    259167    151833    
485000    305500    0         599833    547167    445667    614500    160833    558667    314500    142833    330167    217167    434500    725333    294500    234833    468000    352333    603667    532000    491167    501000    499667    412167    450833    315833    610000    417000    548500    451667    250833    403833    480833    400000    394333    303500    577167    149000    277333    
584000    460332    604000    0         623667    716500    522832    668167    484000    512832    552833    669667    525667    454167    313000    565667    544833    361167    518000    500000    448667    533500    527167    507000    433167    316667    444167    518500    783000    168000    280833    569167    765667    365667    301667    286167    547500    134500    555333    471667    
150833    471667    423000    600500    0         176167    455332    371000    202000    629167    366667    340667    667333    400167    726833    673332    381667    307000    411333    176500    273833    322500    263667    295667    402000    408667    425167    450833    193832    549667    530167    691500    206833    324167    405332    436833    362333    577833    418333    588333    
56167     446333    402000    666500    174167    0         481000    356500    198500    595167    366500    213333    508833    250000    796333    589000    304500    396667    257000    218167    259000    173500    115333    190333    402500    425000    270833    476500    149167    615167    622833    532833    132667    348667    454167    528000    208500    644000    363167    550333    
387167    435500    572833    486167    426500    440332    0         639833    286833    488833    473167    476833    502000    231332    611667    541667    375500    190667    368167    302833    251667    326333    330167    309833    262667    292667    301167    196833    495167    434500    415000    600500    510667    168832    289333    320667    356500    463500    468000    447667    
400332    290500    154500    620833    407832    400332    606333    0         530000    448833    167667    267000    319500    428000    746833    440833    200667    461500    345833    451333    484833    462333    472167    470833    404667    443167    309500    601833    307333    568833    463500    353167    294333    472333    420332    414500    296333    597667    190667    408000    
161167    421833    481667    471667    234167    205500    326500    492667    0         474333    446333    292667    590000    240167    597333    527167    383833    178000    336333    110167    144167    164833    112333    170833    273667    279833    326667    322000    268833    420833    401333    614000    281833    195667    276333    307667    288000    449167    443167    433333    
638333    199500    340667    501667    700333    601500    515332    455500    476500    0         386833    520332    205333    500000    626833    154833    313000    353000    426667    492500    440167    588333    519667    499500    396833    329833    402167    511000    578833    448167    353667    306667    565667    357333    301667    295833    402000    479167    340833    66167     
411833    221332    118000    550833    420833    374833    541667    185333    485667    379000    0         253667    286167    334333    676833    358167    130500    397167    269000    464167    458667    417832    427667    426500    335000    373500    239833    537167    319833    499000    393667    309833    306667    407500    350667    344833    232500    527833    94833     338167    
262333    347832    270000    641667    325167    225000    509167    241332    336667    502167    234000    0         410167    272333    771500    484667    220833    364500    222500    381833    325332    268333    278333    276833    370332    393000    258667    504667    241833    581500    521167    436000    223500    374833    480833    494667    199167    619167    225500    459833    
562333    193000    243832    474833    625333    525167    488500    358667    449667    198000    290667    439667    0         409833    599500    108333    262333    328333    341000    465667    415667    498833    538333    511167    410332    305167    316500    484167    550500    423667    328833    210000    537333    332667    277000    271167    334500    452167    266167    154333    
221500    375167    411000    456667    358167    241833    287500    434667    221332    514333    371500    278333    430667    0         582000    508167    231000    162167    202500    266000    158667    128167    167333    140500    210167    253667    157167    283000    331833    406000    386500    454667    312167    156333    261167    292167    191000    434167    323500    472000    
686667    563000    706667    293333    726333    819333    625333    770832    586500    615333    655500    772333    628167    556667    0         668500    647333    463833    620500    602500    551167    636000    629667    609500    535667    419333    546667    621000    885832    302500    383500    671833    868500    468167    404167    388833    650167    275500    658000    574167    
557667    249500    262333    531500    622000    520833    594000    377000    506333    153333    309000    460000    122500    405500    656167    0         257333    385167    336667    522333    525167    494500    533833    506833    406000    361667    311833    589500    538167    480332    385667    200833    523833    389500    333833    328167    330167    509000    278167    160333    
388833    186833    218500    515332    450833    352000    423833    255333    418833    324167    141333    247167    261500    237500    642500    337667    0         280833    167500    426667    356500    325833    365167    338167    238000    276667    143000    419333    329333    463833    360000    285333    316167    293167    316833    311000    161000    492667    143833    283000    
318667    292333    479667    342500    358167    363167    212500    546833    218333    345167    378333    409667    358167    188500    467667    397832    281000    0         275833    234333    183167    268167    261500    241332    81333     150167    206167    208000    426333    291333    271833    401167    504167    100333    146833    178167    264333    319667    373167    303667    
398000    296333    327667    483333    461333    360332    434333    370332    429167    439667    250500    297500    355500    243167    609333    433500    151333    286000    0         437000    366167    331333    374833    347167    243832    240833    92167     429833    425000    432667    422500    381333    407000    298333    326667    342667    109332    460667    245333    398667    
158833    437832    512667    487667    199833    203167    342500    428333    89000     490332    477333    323167    503833    269667    613167    543333    414167    194333    366833    0         161000    196000    127667    182833    289667    296000    328167    338000    266333    436833    417500    645167    279333    211833    292667    324000    318500    465000    474000    449167    
277500    371667    470332    421333    304000    356667    276333    470833    164167    424167    434167    313667    437167    149000    547000    476833    371167    127500    323833    180167    0         142167    175667    109500    223167    229500    263667    271833    423167    370667    351167    600667    405667    145333    226167    257500    275167    398833    430833    383000    
159833    450332    456667    491833    296333    180333    375000    458500    159000    494500    416167    263500    505833    144167    617500    583500    305500    197833    305000    202333    125500    0         105167    49833     284333    328167    231167    370500    270000    441167    421667    529833    249667    243500    296167    327832    256667    469167    412000    453333    
99500     472000    427167    514000    236000    119833    367832    438000    112333    516833    391833    238000    534833    185500    640832    615000    329333    218000    281667    138667    184167    110500    0         116667    326000    320500    272667    363333    206833    462333    442832    558833    219833    235667    317167    349167    233333    491333    388500    475332    
184167    458500    463333    450833    320833    204667    305833    464000    162000    453500    423500    267167    514167    149333    576167    593000    313500    157167    311667    180833    85167     76500     114667    0         292667    259000    239000    301333    340000    400167    380667    538167    322167    174667    255500    286833    263000    428167    419167    412500    
365332    301333    463667    369167    418667    441167    273833    457000    279333    372000    341000    393833    443667    184833    495000    424833    243000    76667     228500    295167    244000    272000    311167    284333    0         152000    168167    269333    506333    318667    299167    468000    488167    161167    173500    205000    220333    346667    335833    330833    
421500    267167    477667    293167    438833    467832    338333    515833    299500    319667    399000    420332    332333    241000    418167    372333    299167    161167    272500    315500    264333    327667    366833    340000    185000    0         196000    334000    533167    242500    246332    375833    514667    181667    142333    155000    301500    270667    393833    278500    
393333    302500    333500    441667    455500    356500    351500    371333    346333    441333    256667    304000    358000    166167    566833    435000    158500    208333    86832     354167    284000    253500    292667    265833    166667    205500    0         347000    420332    390667    389000    382333    402333    220667    290833    303333    137667    419167    251500    399667    
368500    416833    554667    467167    407832    422667    226833    622167    268500    469833    456167    459833    483000    213000    592500    522667    357832    172333    350500    284333    233333    308667    311667    291333    244333    274333    283833    0         476167    415833    396333    582333    493667    150500    270833    302167    339000    444500    451000    428833    
133333    358000    309000    687833    199333    133333    577667    258500    274000    515667    252833    210167    446333    342167    814167    558500    267667    390500    345167    294500    345332    258667    220500    276500    494833    518000    359333    573167    0         635333    530000    470167    63000     442500    486833    481000    295333    665333    304167    474500    
527000    383167    546167    149167    566500    658500    465500    584500    426833    455000    469167    612000    467832    397000    305333    507832    398000    304000    460167    442667    391667    476167    470000    449667    375332    258832    386167    461167    660000    0         179333    511167    644667    308333    243832    200333    489667    154500    471833    413833    
524167    291333    454667    282333    564167    586667    462667    493000    423833    359667    377167    509000    372500    392832    408667    412000    306667    301667    403333    439833    389167    473667    467000    446833    345833    278333    374667    458333    567667    215833    0         420500    552500    306000    249000    215333    390667    259833    379667    317167    
569000    295667    225000    578833    632500    532167    604500    339833    599000    294333    271667    471333    198000    416500    703833    193667    268333    460833    347167    607167    536500    505833    545167    518167    417000    408000    322500    600000    549500    527333    432500    0         535167    471667    380500    374667    340500    556000    288333    257000    
162833    375000    326833    757833    228832    162833    569500    275333    299667    533333    269500    202667    423667    334500    890167    500332    284500    481000    337500    324000    337667    251000    241500    268833    486833    510000    351667    565000    71333     704167    547833    456500    0         434667    504833    499167    287667    735333    321000    492500    
249667    336000    477500    385833    287667    297333    231833    516500    148333    388667    379000    358833    401667    136167    511000    441167    281000    91500     273667    164333    113167    198000    191667    171332    160667    194000    206833    226667    360167    335000    315500    505167    373333    0         190500    221833    262167    363167    373833    347333    
364833    295500    438500    303000    404333    409333    303667    503167    265000    347832    387500    475167    360667    235167    429833    400332    317000    142500    344667    280833    229667    314333    308167    287833    186332    162333    289500    299333    472667    252333    272333    403833    485833    146833    0         163333    375833    280333    390000    306833    
401667    290500    459833    276833    440667    445667    340833    500500    302000    352832    381833    508667    365667    272333    404000    404833    311500    181500    358000    318000    267833    351500    345332    325000    224500    158333    284167    336500    508833    218333    199833    408167    558667    185833    127167    0         386500    254333    384333    311667    
298833    271167    300333    499000    361000    262000    396500    365833    372500    417000    232500    223667    334333    219500    624333    410833    134333    253000    87167     417000    342500    304833    314667    313500    258832    260167    119332    392000    325833    448167    444667    358333    307833    263167    345667    358333    0         476333    186167    375667    
560167    436167    580167    118500    599833    693167    498667    644333    459667    488667    528667    645832    501667    429833    288000    541833    520667    336833    494000    475667    424333    509333    503167    482832    408833    291833    419833    494333    759667    173667    256000    545167    742333    341333    276833    261332    523500    0         531333    447333    
424667    233000    154333    562000    460167    387832    506333    217000    498333    339667    97333     260333    240000    319833    688332    305333    130500    363000    241332    509167    471667    430833    440667    439333    320332    358833    224833    501833    359500    510332    405332    263667    346333    375332    362333    356500    180833    539500    0         298833    
595833    152500    300833    456667    657833    557000    470332    416500    431500    66667     343500    476500    170000    456167    581833    156000    268167    308167    383000    447500    395332    544500    474833    454500    352000    285000    358500    466000    537500    403333    308667    267000    522000    312500    256833    251000    359000    434167    336667    0         

EOF
