
NAME: n40_8
COMMENT: TSP problem with 40 nodes and distance matrix
TYPE: TSP
DIMENSION: 40
EDGE_WEIGHT_TYPE: EXPLICIT
EDGE_WEIGHT_FORMAT: FULL_MATRIX
EDGE_WEIGHT_SECTION
0         491500    664667    495167    544667    434667    420500    416667    512333    194333    249167    692833    498667    143500    149167    405667    507832    258832    416833    433667    560667    436833    244833    210833    452832    486167    220833    461833    569833    473667    210667    286500    667167    560667    471500    434000    286667    428000    389500    532667    
532667    0         578333    152167    121500    153667    409500    207500    334667    393500    461500    605333    197167    506000    475667    154000    330167    535500    273833    326167    123333    141500    329333    638667    200667    221167    294833    279000    481833    254167    435833    313333    580000    573167    293833    256332    418500    251500    272667    556500    
656667    550500    0         658167    602667    564500    355167    408667    597000    607000    566000    51167     831000    678167    673332    518500    592500    639833    432000    446667    671333    587000    527333    643167    511167    820500    492500    882667    271833    858167    545000    416833    356500    364000    556000    518333    756667    513333    839833    347500    
458333    182500    680333    0         195167    196167    509667    305833    434333    320500    606333    707333    107667    432500    401833    216667    429833    620167    372333    424667    92667     145667    298167    563500    299000    97167     306333    154167    582167    129833    362832    445332    682000    675167    392333    354833    369833    349667    149167    658332    
544000    89167     610167    182000    0         185167    441000    239333    366167    439333    493000    637000    177000    458833    428500    185500    361667    567167    305333    357667    137000    187167    360833    570500    232333    198832    326333    270333    513333    229667    481667    345000    611667    605000    325000    287500    394667    282667    296000    588333    
441500    166332    558500    182333    219167    0         389833    187333    314833    354667    441833    585333    261833    472500    437500    56666     310333    602000    253667    306000    194000    75833     257667    547333    177167    251332    222833    308833    462000    284333    396833    335167    560000    553333    273833    236332    471000    231332    280667    536500    
433833    416167    381833    524167    468500    430167    0         275000    462667    357667    337333    408667    628333    454667    423667    385000    458333    412000    298333    314833    537500    452667    397500    420500    377832    617667    363667    626167    284500    638000    306333    230667    382167    314500    421667    384833    507832    379833    552500    286500    
406500    158833    490000    266500    211167    172833    321000    0         198333    375500    373333    516833    346333    487167    455500    127000    193832    447000    135667    236667    279833    195333    243667    512333    120000    335833    188333    396500    393667    368833    313167    223832    491500    484833    157167    119667    532833    114667    387333    468167    
493833    279167    584667    387167    331500    293333    415000    208667    0         460500    468000    611667    467167    572833    541667    247500    196833    541667    220500    330833    400332    315667    310333    600500    240333    456667    275833    517500    488167    489667    400833    318000    586167    579500    55667     110833    632500    131667    510667    562667    
227000    465667    656500    355167    404833    381000    401333    405500    502000    0         366167    686167    358667    160667    130167    343333    497500    428333    458000    424833    420667    358333    248832    341500    429000    348167    261500    333000    561500    344833    220500    255333    659000    543000    458333    419667    214667    414667    262333    514167    
247000    448667    578333    620667    501000    462832    333500    306167    495167    349167    0         606667    624333    325500    370332    416000    490833    174833    329667    346667    569667    485332    398833    291667    408833    613667    374833    621500    483667    633500    286167    304667    580833    476167    454167    415833    502667    410833    546833    448167    
685333    578833    49000     686667    631167    592833    383500    437167    625333    635500    594500    0         859833    706667    701833    547000    621000    668500    460332    475000    699833    615333    555833    671833    539500    849333    520833    911333    300167    887000    573500    445332    384833    392333    584333    546667    785167    541833    868500    376000    
434167    224333    747667    114332    192000    288833    577000    374500    501833    317833    572833    774667    0         387167    356833    309000    497333    686167    441000    493500    142833    238000    360500    629000    367667    48000     415667    105667    650500    66167     426167    510167    749333    742500    460833    423333    323000    417832    145167    725832    
126000    594500    697167    485000    548500    510667    451667    519167    614500    190833    280667    725333    488500    0         103000    491667    610000    294500    448000    464833    550500    488167    360833    250833    577167    475332    307500    476667    601833    488667    297333    353000    699667    593833    572167    533333    208667    528333    403833    565833    
144000    546667    708167    436833    483333    462500    452667    471000    566833    140333    300667    737667    440332    75333     0         443667    562333    314500    459500    476333    502667    440000    313000    270833    529333    428000    288333    411500    613000    423333    239167    305167    710667    594333    524333    485332    190833    480332    340833    565667    
460500    158000    560833    207167    210833    50000     390833    187833    315833    323000    443167    588000    363000    435833    404500    0         311333    622167    254833    307167    218667    100500    238333    565833    134667    352500    204000    414667    463500    390167    365500    316500    562500    555667    274833    237167    434333    232167    371167    537833    
476833    260833    565500    368500    313000    274833    396333    218667    226833    443500    449000    592500    448167    554667    523500    229000    0         522667    231332    312333    381667    297333    292833    582333    221833    437667    258333    498333    469167    470667    383167    299500    567167    560333    154833    124332    614667    137667    493667    543667    
221332    498667    628333    557667    551000    515000    385667    358167    594000    331000    181833    656167    562500    262333    306667    487167    589500    0         381667    398667    624333    517167    327667    200833    461000    550667    302333    596667    533667    589667    293333    358500    630667    526167    550333    512832    425000    508000    523833    498167    
480332    248167    474833    356000    300500    262167    308667    106667    239500    470500    360667    501667    435833    537167    506667    216332    235000    434167    0         126167    369333    284667    274500    437667    209167    425332    239667    486000    377000    458333    385000    212167    475167    468500    198333    160833    592167    155833    476833    451833    
439000    288333    467167    396667    340667    302333    296000    147167    287500    389667    348167    494000    476333    460332    455667    256500    284833    422000    101500    0         409833    324833    304833    425500    249333    465833    270000    526500    368667    498833    327000    199667    467500    460833    248167    210833    539500    206000    517333    444000    
505000    121667    668833    72000     122333    214833    499833    297167    424333    367000    653500    695667    124167    479000    448333    235500    419833    667167    363500    415833    0         167833    344833    610500    290333    124332    324333    204333    572000    180000    409500    437333    670333    663667    383667    346167    419500    341167    198500    646833    
436000    150167    596000    142000    203000    70333     426167    223000    351000    297667    478333    623167    221500    409500    379000    93000     346500    597333    290333    342333    153500    0         275500    541333    215167    210833    230000    268333    498667    244000    340000    342167    597667    590833    310167    272833    418500    268000    243500    574167    
272000    336667    570500    367333    388833    291500    411333    270167    357500    252167    416500    597333    370833    368333    334500    241332    353000    430332    322000    376833    376000    293667    0         377167    297500    360332    80667     422333    474667    398000    203832    224500    573167    566000    316167    278667    381333    273667    376333    549167    
232500    583667    675667    569000    635833    526333    432500    404667    604500    341333    260167    703833    572833    225000    269500    498500    600000    193667    428833    445833    634833    528500    338167    0         543167    562000    313000    607000    580833    600000    303500    404167    678167    572833    561667    524167    387667    519167    535167    544500    
567333    184833    572000    301833    237667    179000    403167    200500    328333    429000    455167    599000    382000    542000    510667    133167    323833    529167    266833    319167    314000    224333    322333    672833    0         371500    288000    429000    475500    404500    471667    306500    573667    566833    287000    249500    540500    244500    477333    550167    
502167    239000    747833    94000     206833    268167    576000    371833    500667    362000    651167    774833    49667     408333    377832    288333    496167    664833    438167    491000    126832    217333    339833    608000    365167    0         395000    93667     649167    56333     405500    489167    749500    742667    458667    420833    345667    415833    124833    724500    
264667    290167    481833    306167    342333    233167    322667    216332    311000    224667    409500    508833    404500    321333    291000    205500    306500    423333    226833    289500    317667    235333    81000     370167    251500    394000    0         456000    385833    431667    171332    137833    483833    477167    270000    232500    374333    227667    410000    460332    
412167    282333    800667    148167    250833    315167    585500    426333    555000    295167    550667    827667    115000    365167    334500    335332    550500    614667    492333    545000    214000    264667    409000    526500    419667    100333    421833    0         703167    62667     375167    439667    802167    726500    512333    474833    301833    469833    105167    698500    
547667    441333    251000    549000    493667    455500    246000    299667    487832    498000    457000    277833    722167    569167    564333    409500    483500    530833    323000    337667    562333    477832    418333    534167    402167    711667    383333    773667    0         749333    436000    307833    200000    193167    446833    409333    647833    404333    731000    179667    
425500    255667    777167    121832    223500    292833    598833    401333    530000    308833    564000    804167    74333     378500    348000    313500    525500    703167    467832    520332    159333    242500    377167    646167    394500    49166     432500    58167     678667    0         442832    453000    778833    772000    488000    450500    314167    445332    124500    755167    
250667    420667    587167    393333    473333    363167    333667    346333    441500    177167    287667    616667    396833    274000    243667    335332    437000    360500    340500    357667    458667    365332    173333    355833    381500    386167    151167    448333    492832    424000    0         188333    589667    474667    400833    362500    327667    357667    372167    445667    
337832    333500    465332    428333    385667    355167    244167    193333    380000    289333    296833    492500    515167    390000    358667    303167    375667    370500    216667    233167    440332    357333    221167    374000    296000    504500    189333    566833    367832    542500    202000    0         465833    459000    339000    303000    444167    298000    488500    443000    
661833    554167    365500    663167    607833    568167    357000    411000    602000    612167    569833    392333    839167    683500    678667    522333    597667    645000    434167    450167    676667    592000    531167    648332    514667    828500    496000    890832    179833    866333    548833    419000    0         188333    559667    522167    764000    517167    847833    183000    
558833    536833    346500    644667    589167    551000    337333    391333    583333    483833    463500    373333    821833    580167    549667    502167    579000    536667    414667    429833    657833    573500    512333    545333    495000    811333    477667    751000    162833    849000    432500    399000    183500    0         542333    502000    633167    497000    678500    47833     
473333    258500    564000    366167    310667    272500    394000    188000    54333     439333    447000    591000    446167    552167    521167    226667    144167    521167    199667    310000    379333    295000    289667    580000    219500    435667    255167    496833    467500    469167    379833    297167    565667    558833    0         80167     611833    110833    490167    542167    
442000    225500    530667    333333    277667    239500    361500    154167    138500    408500    414000    557667    413333    519833    488667    193667    110000    487667    166833    277000    346500    262000    257500    547500    186667    402832    223000    463500    434333    435833    348000    264167    532333    525500    79333     0         579833    77000     458833    508833    
259333    473000    771000    420167    456333    523167    515833    563333    659333    223333    424167    800500    411000    195333    205667    485167    654833    438000    522667    539667    486167    500167    406833    394333    571167    417000    353333    384333    675832    396333    304500    370000    773332    657167    617000    577500    0         572500    313500    628333    
444333    227833    533000    335500    280167    242000    363833    156500    159667    410833    416333    559833    415667    522167    491000    196167    150500    490000    158500    240333    349000    264333    260000    549833    189000    405000    225500    465833    436667    438167    350500    266667    534500    527833    117667    80167     582167    0         461167    511167    
373000    312833    859667    162833    311333    279500    547833    461500    569500    256167    512667    890167    170167    326833    296333    299667    565000    500332    530833    584333    228333    228832    349000    456500    437333    159667    404500    128500    760000    139000    414000    401333    861667    691000    527333    489333    263000    484333    0         662333    
521167    547000    356500    654833    599333    561000    268167    401333    593500    445332    425000    383333    714500    541667    511167    512333    589167    499333    424667    439833    668000    583500    522500    507832    505167    703833    487832    712333    173167    724167    394000    409000    193500    50667     552500    512000    594667    507167    639833    0         

EOF
