
NAME: n40_9
COMMENT: TSP problem with 40 nodes and distance matrix
TYPE: TSP
DIMENSION: 40
EDGE_WEIGHT_TYPE: EXPLICIT
EDGE_WEIGHT_FORMAT: FULL_MATRIX
EDGE_WEIGHT_SECTION
0         383000    353333    458500    79500     474333    431333    370000    91000     231000    443500    545500    386000    169833    226167    254333    392500    403167    142667    202000    378000    364833    397000    284667    320833    200500    422333    262500    224333    209500    357667    212167    448000    187833    232500    198333    267000    147500    292000    251833    
390667    0         704000    324333    385500    828167    497333    720832    349333    217500    672667    280667    164333    500332    593500    307667    154000    94833     407167    509000    728667    523500    72000     631833    107000    249833    374167    185000    280833    247333    509833    582667    801667    269833    306000    299833    504333    492167    132333    211833    
416500    727167    0         606333    386167    261000    541833    112333    467167    503333    554000    680500    733500    333500    290167    494000    740500    668332    412832    469500    72333     249500    742333    150333    668332    472333    552667    622667    496500    481333    467667    261332    232667    459667    504500    470167    218000    267500    610500    503167    
423833    380332    597167    0         418667    717500    296500    614333    486667    467667    374000    214667    449667    468833    446500    313333    456667    298833    538667    545833    622333    439833    365667    526833    384000    500000    135000    351667    569167    497832    282833    411500    691500    520167    510000    551333    421333    472832    325667    462000    
86167     365667    364667    441167    0         485667    522167    381333    156667    245833    454833    528333    368833    180500    236833    236833    375167    385833    158333    189000    389333    376167    379667    295833    303333    217667    405000    245167    241500    226667    369000    222833    459333    205000    249500    215500    278167    158167    274500    234333    
515000    824667    247167    704167    484667    0         639833    259167    565500    601500    652000    778500    831000    432000    389167    592167    838000    766167    511167    568000    271833    488833    839833    249833    766333    570833    650667    720667    594667    579833    566000    360500    168167    558167    602667    568667    317167    366500    708500    601333    
443667    539667    509000    282833    438500    628333    0         525667    478500    545333    169500    407500    562500    381667    359500    336667    569333    476333    461000    563667    533667    363500    523833    439667    499500    568667    208333    467667    542833    565500    181833    328167    602500    506333    551000    516833    346667    337333    441667    533833    
416333    726167    110667    605833    386167    261833    541333    0         467000    503000    553500    680000    732667    333500    290667    493667    739500    667833    412667    469333    141333    339833    741333    151333    667833    472333    552167    622167    496167    481333    467500    261833    233667    459667    504167    470000    218667    268000    610000    502832    
83333     388833    392500    468833    118333    513333    470500    409167    0         233667    482667    494833    396667    209000    265167    264333    403667    352500    164333    241167    417167    404000    403833    323833    333667    226000    451167    212167    249833    235000    396833    251167    487167    213333    258333    223832    306167    186667    275500    222000    
196833    221167    488833    446000    213167    609667    633333    505500    247500    0         708500    483333    204333    303500    360833    299000    210833    266167    229333    336667    513500    500332    245333    419333    159500    90167     513833    155000    157000    87167     493167    346833    583500    110000    197833    141000    401833    281167    183500    37333     
488333    636333    535000    378333    458333    654333    165667    551833    539833    575833    0         503667    663167    405833    383167    434833    670167    540500    484833    542333    559667    387167    621667    463500    598500    545167    286167    566500    569000    554167    144167    351333    628667    532500    577000    543000    370332    360667    540833    636000    
498167    321500    640832    229667    493000    761167    492333    658000    509167    508667    541500    0         404000    512667    490500    388000    398167    257167    560833    619167    665832    484000    306833    570333    388833    540833    290333    376167    480667    539000    429000    457167    734833    489667    449167    467832    465500    500000    356167    503000    
335167    167500    624500    387667    350500    747667    686167    642500    382667    225667    761667    343667    0         441000    497333    349333    59166     235667    367667    472832    650500    582667    145167    555667    126333    245833    438167    227500    165833    226500    572833    483333    721000    247833    192000    217667    538167    418333    208667    201833    
212667    543667    352167    537500    182667    474833    434167    369000    263333    299167    446500    612833    435833    0         176332    333667    442167    506500    209167    210333    377000    367832    476833    283167    429333    268500    522167    369000    292333    277500    360667    215000    447667    255833    300500    266333    270000    146000    429500    299000    
250167    582500    261500    489333    220167    384000    424833    278167    300667    336833    437000    562833    474500    167833    0         377167    480833    545167    246667    303000    286167    358167    515500    191833    468000    305833    435667    406167    330000    315000    351000    164667    357000    293167    338000    303667    215500    151333    468167    336667    
281500    391833    460667    328167    276167    582333    433500    477500    315167    419500    508500    406167    401500    321000    353333    0         408500    315000    374333    405667    485332    451667    407000    391333    333333    409167    312333    301167    458500    406167    419667    342667    556000    429167    466500    431667    383667    253667    274333    374833    
343333    155000    635000    415167    358667    758332    675333    651667    372333    215500    750832    372667    58167     448667    505332    339000    0         222833    375500    481167    659667    611167    131500    565167    116500    235667    466000    217333    181500    216332    661500    491333    730500    245167    208667    238500    547667    426333    198500    191667    
396000    97167     692667    297833    390667    815832    542333    709500    354500    248500    591333    254333    230667    505667    502500    313167    237500    0         412500    514167    717333    496000    136667    621833    167833    280833    348000    190667    346333    278333    482832    469333    789500    300833    371500    330833    477500    487500    140000    242833    
160500    462333    450833    542500    176833    572000    529167    467500    185333    240667    541333    568833    382000    266833    323167    395000    388333    425667    0         299000    475500    462333    477333    382167    406667    205167    609500    287500    229000    214333    455167    309167    545833    191167    237667    203000    364500    244500    348000    239167    
233500    512667    479500    589167    203832    600500    557667    496333    303167    345500    569833    676167    483167    235833    350000    384167    489500    532833    255667    0         504167    491000    526667    410000    450667    315000    553000    392500    338667    324000    484000    336000    574333    302333    346833    312667    392333    271333    421833    345332    
405833    715832    76000     595167    375500    251000    530833    139000    456500    492500    543000    669667    722167    323000    280167    483167    729167    657333    402167    458833    0         320833    731000    140833    657333    461667    541667    611833    485667    470833    457000    251332    222833    449000    493667    459500    208000    257500    599500    492333    
388667    522667    253333    408500    358667    487333    366167    337832    437167    473000    378333    482500    580500    306000    283667    381667    587500    443000    385167    439667    304333    0         506000    363833    515167    442333    376833    483333    466167    451333    291167    252167    458167    429833    474167    440332    236332    261667    456667    472832    
420833    56833     735333    327333    415500    859667    500332    752167    379167    247167    626167    283667    170167    530833    532333    337500    147833    122333    437333    539833    760000    525833    0         663000    137167    279667    377000    214667    282333    274667    512667    499167    832833    299667    311333    313333    507333    522667    161667    241500    
334000    643833    128333    523333    304000    251667    459000    145000    384667    420667    471167    597667    650167    251332    208500    411333    657167    585333    330500    387000    153000    392333    658833    0         585333    389833    469833    539833    413833    399000    385167    180000    224500    377167    421833    387667    136833    185833    527667    420500    
284500    118833    629000    386667    314167    753667    573333    645832    278167    133333    648000    357333    107000    427167    523333    240833    114000    162000    335332    435667    653833    582667    124167    559167    0         184833    453833    119833    205000    182333    559667    512500    727500    205167    248167    209167    562167    421833    125500    109500    
145167    248832    435167    474667    161167    556167    513167    452000    182000    100167    525333    512333    212667    251667    307667    328667    219167    295500    177333    283500    459833    446667    253667    366333    187000    0         542833    184167    108833    35833     439667    293667    530000    26833     117500    82833     348833    229333    213167    104667    
376167    447832    543000    129833    371000    663332    248333    559833    410167    478167    297333    290000    493833    415500    392832    266667    500667    380167    466167    496833    568667    396500    433167    473167    430500    500332    0         398667    549667    497167    246833    361000    637500    520167    557667    522667    380000    391333    372832    466667    
247833    271833    550167    351333    242667    671667    537667    566833    206000    159500    612000    377167    279667    355167    412000    205667    286667    235667    257667    364167    574833    547167    287000    480332    216833    182000    418167    0         273000    179500    523833    398000    645500    202000    288167    231167    526500    347000    159000    154500    
197500    262667    486667    472667    213000    608167    565167    503333    234667    165833    577333    428667    146000    303000    359667    394167    180000    322667    230000    335167    511333    498167    259333    417832    201000    108833    585000    258333    0         114167    491000    345667    581833    110500    52500     88667     400332    280667    278833    139333    
161833    234500    452000    459167    178000    572833    647167    468667    198667    80833     542167    496833    198500    268333    324333    312833    204833    279833    194000    300333    476667    463500    239333    383000    172833    19333     527500    168667    125667    0         456333    310333    546667    43500     134167    72333     365500    246000    197333    74500     
412333    563833    459000    346333    382333    578333    174833    475667    463833    499833    147500    471667    624333    329667    307500    407832    631333    482500    408833    466167    483667    311500    546833    387500    557833    469000    235667    524333    493000    478167    0         275667    552500    456333    501000    466833    294667    285000    498500    499667    
260000    588000    254333    460167    230000    377000    404833    271000    309500    345500    416833    535000    481000    178500    155833    358000    487333    530833    256500    311833    279000    339000    558667    183832    530833    314833    415500    414333    338667    323833    332000    0         349667    302000    346667    312500    161167    133833    473333    345332    
499833    809667    232000    689167    469500    131667    624833    244167    550500    586333    637000    763332    816000    416833    374000    577000    822833    751167    496000    552833    256667    473667    824667    234833    751167    555667    635500    705500    579500    564667    551000    345332    0         543000    587667    553500    302167    351333    693332    586167    
159167    275167    449167    482167    175333    570000    527167    465833    196000    107833    539333    519833    241000    265667    321667    336333    247333    303167    191332    297500    473833    460667    281833    380167    213167    26333     550167    191833    130833    38667     453500    307667    543833    0         139333    104667    362667    243333    220667    112333    
199833    318333    488667    459333    215333    610167    567167    505500    237000    176667    579333    415332    177000    305333    361667    405500    210000    372333    232333    337167    513333    500167    296000    420000    254333    111167    587167    260667    55833     116333    493000    347667    584000    112833    0         91000     402333    283000    289833    168500    
178500    268167    467000    507832    193667    588333    545500    483833    215167    133667    557667    437667    190833    283667    340000    361500    239500    328500    210500    316000    491833    478667    274167    398333    206500    89500     575667    216500    88667     76833     471500    326000    562167    91167     119833    0         380833    261500    245167    122333    
337167    521167    222000    406500    307167    344000    363500    238832    387000    423000    375833    480332    579667    254167    231667    359667    586667    441000    333667    389333    246667    274000    503833    151667    513000    392167    374333    481167    416167    401333    288667    171000    317000    379500    424167    390000    0         209000    454667    422832    
247167    490332    268333    475167    217167    390500    361500    285167    302500    333500    373833    548833    500000    140833    161667    269333    506833    433333    243667    300000    293000    295333    505332    199333    434667    302833    457832    387832    326667    311833    288167    150500    363500    290167    334667    300667    197500    0         376833    357500    
312500    124667    623667    338833    307333    746667    565000    640333    271500    233667    639833    337667    213832    421333    514333    230167    220833    114500    329000    430000    648332    576833    140333    551667    148167    266167    444167    107833    329500    263667    551167    503667    720500    286667    355000    316167    553667    413167    0         228167    
199167    190000    491333    427667    215333    612333    615000    508167    230000    38667     690167    465000    179000    305667    363167    281667    185333    248500    231332    338667    516167    503000    219833    421667    128333    92333     495500    137500    139833    74000     495667    349167    586167    112333    169833    124833    404167    283333    166167    0         

EOF
